"Arp","em","mean_en","potential","x_node","GlobalNodeId","PedigreeNodeId","Points:0","Points:1","Points:2"
-6,-15,-30,-0.21,0,1,1,0,0,0
-6,-15,-30,-0.20995,4.0108e-10,2,2,4.0108e-10,0,0
-6,-15,-30,-0.20989,8.0603e-10,3,3,8.0603e-10,0,0
-6,-15,-30,-0.20984,1.2149e-09,4,4,1.2149e-09,0,0
-6,-15,-30,-0.20979,1.6277e-09,5,5,1.6277e-09,0,0
-6,-15,-30,-0.20973,2.0444e-09,6,6,2.0444e-09,0,0
-6,-15,-30,-0.20967,2.4652e-09,7,7,2.4652e-09,0,0
-6,-15,-30,-0.20962,2.89e-09,8,8,2.89e-09,0,0
-6,-15,-30,-0.20956,3.3189e-09,9,9,3.3189e-09,0,0
-6,-15,-30,-0.20951,3.7519e-09,10,10,3.7519e-09,0,0
-6,-15,-30,-0.20945,4.1891e-09,11,11,4.1891e-09,0,0
-6,-15,-30,-0.20939,4.6305e-09,12,12,4.6305e-09,0,0
-6,-15,-30,-0.20933,5.0762e-09,13,13,5.0762e-09,0,0
-6,-15,-30,-0.20927,5.5261e-09,14,14,5.5261e-09,0,0
-6,-15,-30,-0.20921,5.9804e-09,15,15,5.9804e-09,0,0
-6,-15,-30,-0.20915,6.4391e-09,16,16,6.4391e-09,0,0
-6,-15,-30,-0.20909,6.9021e-09,17,17,6.9021e-09,0,0
-6,-15,-30,-0.20903,7.3697e-09,18,18,7.3697e-09,0,0
-6,-15,-30,-0.20897,7.8417e-09,19,19,7.8417e-09,0,0
-6,-15,-30,-0.2089,8.3182e-09,20,20,8.3182e-09,0,0
-6,-15,-30,-0.20884,8.7994e-09,21,21,8.7994e-09,0,0
-6,-15,-30,-0.20878,9.2852e-09,22,22,9.2852e-09,0,0
-6,-15,-30,-0.20871,9.7757e-09,23,23,9.7757e-09,0,0
-6,-15,-30,-0.20865,1.0271e-08,24,24,1.0271e-08,0,0
-6,-15,-30,-0.20858,1.0771e-08,25,25,1.0771e-08,0,0
-6,-15,-30,-0.20851,1.1276e-08,26,26,1.1276e-08,0,0
-6,-15,-30,-0.20845,1.1785e-08,27,27,1.1785e-08,0,0
-6,-15,-30,-0.20838,1.23e-08,28,28,1.23e-08,0,0
-6,-15,-30,-0.20831,1.2819e-08,29,29,1.2819e-08,0,0
-6,-15,-30,-0.20824,1.3344e-08,30,30,1.3344e-08,0,0
-6,-15,-30,-0.20817,1.3873e-08,31,31,1.3873e-08,0,0
-6,-15,-30,-0.2081,1.4408e-08,32,32,1.4408e-08,0,0
-6,-15,-30,-0.20803,1.4948e-08,33,33,1.4948e-08,0,0
-6,-15,-30,-0.20796,1.5493e-08,34,34,1.5493e-08,0,0
-6,-15,-30,-0.20789,1.6043e-08,35,35,1.6043e-08,0,0
-6,-15,-30,-0.20781,1.6598e-08,36,36,1.6598e-08,0,0
-6,-15,-30,-0.20774,1.7159e-08,37,37,1.7159e-08,0,0
-6,-15,-30,-0.20766,1.7725e-08,38,38,1.7725e-08,0,0
-6,-15,-30,-0.20759,1.8297e-08,39,39,1.8297e-08,0,0
-6,-15,-30,-0.20751,1.8874e-08,40,40,1.8874e-08,0,0
-6,-15,-30,-0.20744,1.9457e-08,41,41,1.9457e-08,0,0
-6,-15,-30,-0.20736,2.0045e-08,42,42,2.0045e-08,0,0
-6,-15,-30,-0.20728,2.064e-08,43,43,2.064e-08,0,0
-6,-15,-30,-0.2072,2.1239e-08,44,44,2.1239e-08,0,0
-6,-15,-30,-0.20712,2.1845e-08,45,45,2.1845e-08,0,0
-6,-15,-30,-0.20704,2.2456e-08,46,46,2.2456e-08,0,0
-6,-15,-30,-0.20696,2.3073e-08,47,47,2.3073e-08,0,0
-6,-15,-30,-0.20688,2.3697e-08,48,48,2.3697e-08,0,0
-6,-15,-30,-0.2068,2.4326e-08,49,49,2.4326e-08,0,0
-6,-15,-30,-0.20671,2.4961e-08,50,50,2.4961e-08,0,0
-6,-15,-30,-0.20663,2.5602e-08,51,51,2.5602e-08,0,0
-6,-15,-30,-0.20654,2.625e-08,52,52,2.625e-08,0,0
-6,-15,-30,-0.20646,2.6904e-08,53,53,2.6904e-08,0,0
-6,-15,-30,-0.20637,2.7564e-08,54,54,2.7564e-08,0,0
-6,-15,-30,-0.20629,2.823e-08,55,55,2.823e-08,0,0
-6,-15,-30,-0.2062,2.8903e-08,56,56,2.8903e-08,0,0
-6,-15,-30,-0.20611,2.9582e-08,57,57,2.9582e-08,0,0
-6,-15,-30,-0.20602,3.0268e-08,58,58,3.0268e-08,0,0
-6,-15,-30,-0.20593,3.0961e-08,59,59,3.0961e-08,0,0
-6,-15,-30,-0.20584,3.166e-08,60,60,3.166e-08,0,0
-6,-15,-30,-0.20574,3.2366e-08,61,61,3.2366e-08,0,0
-6,-15,-30,-0.20565,3.3078e-08,62,62,3.3078e-08,0,0
-6,-15,-30,-0.20555,3.3798e-08,63,63,3.3798e-08,0,0
-6,-15,-30,-0.20546,3.4524e-08,64,64,3.4524e-08,0,0
-6,-15,-30,-0.20536,3.5258e-08,65,65,3.5258e-08,0,0
-6,-15,-30,-0.20527,3.5998e-08,66,66,3.5998e-08,0,0
-6,-15,-30,-0.20517,3.6746e-08,67,67,3.6746e-08,0,0
-6,-15,-30,-0.20507,3.75e-08,68,68,3.75e-08,0,0
-6,-15,-30,-0.20497,3.8262e-08,69,69,3.8262e-08,0,0
-6,-15,-30,-0.20487,3.9032e-08,70,70,3.9032e-08,0,0
-6,-15,-30,-0.20477,3.9809e-08,71,71,3.9809e-08,0,0
-6,-15,-30,-0.20466,4.0593e-08,72,72,4.0593e-08,0,0
-6,-15,-30,-0.20456,4.1385e-08,73,73,4.1385e-08,0,0
-6,-15,-30,-0.20446,4.2184e-08,74,74,4.2184e-08,0,0
-6,-15,-30,-0.20435,4.2991e-08,75,75,4.2991e-08,0,0
-6,-15,-30,-0.20424,4.3806e-08,76,76,4.3806e-08,0,0
-6,-15,-30,-0.20414,4.4629e-08,77,77,4.4629e-08,0,0
-6,-15,-30,-0.20403,4.546e-08,78,78,4.546e-08,0,0
-6,-15,-30,-0.20392,4.6298e-08,79,79,4.6298e-08,0,0
-6,-15,-30,-0.20381,4.7145e-08,80,80,4.7145e-08,0,0
-6,-15,-30,-0.2037,4.8e-08,81,81,4.8e-08,0,0
-6,-15,-30,-0.20358,4.8863e-08,82,82,4.8863e-08,0,0
-6,-15,-30,-0.20347,4.9735e-08,83,83,4.9735e-08,0,0
-6,-15,-30,-0.20335,5.0615e-08,84,84,5.0615e-08,0,0
-6,-15,-30,-0.20324,5.1503e-08,85,85,5.1503e-08,0,0
-6,-15,-30,-0.20312,5.24e-08,86,86,5.24e-08,0,0
-6,-15,-30,-0.203,5.3305e-08,87,87,5.3305e-08,0,0
-6,-15,-30,-0.20288,5.4219e-08,88,88,5.4219e-08,0,0
-6,-15,-30,-0.20276,5.5142e-08,89,89,5.5142e-08,0,0
-6,-15,-30,-0.20264,5.6074e-08,90,90,5.6074e-08,0,0
-6,-15,-30,-0.20252,5.7015e-08,91,91,5.7015e-08,0,0
-6,-15,-30,-0.2024,5.7965e-08,92,92,5.7965e-08,0,0
-6,-15,-30,-0.20227,5.8924e-08,93,93,5.8924e-08,0,0
-6,-15,-30,-0.20214,5.9892e-08,94,94,5.9892e-08,0,0
-6,-15,-30,-0.20202,6.087e-08,95,95,6.087e-08,0,0
-6,-15,-30,-0.20189,6.1857e-08,96,96,6.1857e-08,0,0
-6,-15,-30,-0.20176,6.2854e-08,97,97,6.2854e-08,0,0
-6,-15,-30,-0.20163,6.386e-08,98,98,6.386e-08,0,0
-6,-15,-30,-0.20149,6.4875e-08,99,99,6.4875e-08,0,0
-6,-15,-30,-0.20136,6.5901e-08,100,100,6.5901e-08,0,0
-6,-15,-30,-0.20123,6.6936e-08,101,101,6.6936e-08,0,0
-6,-15,-30,-0.20109,6.7982e-08,102,102,6.7982e-08,0,0
-6,-15,-30,-0.20095,6.9037e-08,103,103,6.9037e-08,0,0
-6,-15,-30,-0.20081,7.0103e-08,104,104,7.0103e-08,0,0
-6,-15,-30,-0.20067,7.1179e-08,105,105,7.1179e-08,0,0
-6,-15,-30,-0.20053,7.2265e-08,106,106,7.2265e-08,0,0
-6,-15,-30,-0.20039,7.3362e-08,107,107,7.3362e-08,0,0
-6,-15,-30,-0.20025,7.4469e-08,108,108,7.4469e-08,0,0
-6,-15,-30,-0.2001,7.5587e-08,109,109,7.5587e-08,0,0
-6,-15,-30,-0.19995,7.6716e-08,110,110,7.6716e-08,0,0
-6,-15,-30,-0.19981,7.7855e-08,111,111,7.7855e-08,0,0
-6,-15,-30,-0.19966,7.9006e-08,112,112,7.9006e-08,0,0
-6,-15,-30,-0.19951,8.0167e-08,113,113,8.0167e-08,0,0
-6,-15,-30,-0.19935,8.134e-08,114,114,8.134e-08,0,0
-6,-15,-30,-0.1992,8.2524e-08,115,115,8.2524e-08,0,0
-6,-15,-30,-0.19905,8.372e-08,116,116,8.372e-08,0,0
-6,-15,-30,-0.19889,8.4927e-08,117,117,8.4927e-08,0,0
-6,-15,-30,-0.19873,8.6145e-08,118,118,8.6145e-08,0,0
-6,-15,-30,-0.19857,8.7376e-08,119,119,8.7376e-08,0,0
-6,-15,-30,-0.19841,8.8618e-08,120,120,8.8618e-08,0,0
-6,-15,-30,-0.19825,8.9872e-08,121,121,8.9872e-08,0,0
-6,-15,-30,-0.19808,9.1138e-08,122,122,9.1138e-08,0,0
-6,-15,-30,-0.19792,9.2416e-08,123,123,9.2416e-08,0,0
-6,-15,-30,-0.19775,9.3707e-08,124,124,9.3707e-08,0,0
-6,-15,-30,-0.19758,9.501e-08,125,125,9.501e-08,0,0
-6,-15,-30,-0.19741,9.6326e-08,126,126,9.6326e-08,0,0
-6,-15,-30,-0.19724,9.7654e-08,127,127,9.7654e-08,0,0
-6,-15,-30,-0.19707,9.8995e-08,128,128,9.8995e-08,0,0
-6,-15,-30,-0.19689,1.0035e-07,129,129,1.0035e-07,0,0
-6,-15,-30,-0.19672,1.0172e-07,130,130,1.0172e-07,0,0
-6,-15,-30,-0.19654,1.031e-07,131,131,1.031e-07,0,0
-6,-15,-30,-0.19636,1.0449e-07,132,132,1.0449e-07,0,0
-6,-15,-30,-0.19618,1.059e-07,133,133,1.059e-07,0,0
-6,-15,-30,-0.19599,1.0732e-07,134,134,1.0732e-07,0,0
-6,-15,-30,-0.19581,1.0875e-07,135,135,1.0875e-07,0,0
-6,-15,-30,-0.19562,1.102e-07,136,136,1.102e-07,0,0
-6,-15,-30,-0.19543,1.1166e-07,137,137,1.1166e-07,0,0
-6,-15,-30,-0.19524,1.1314e-07,138,138,1.1314e-07,0,0
-6,-15,-30,-0.19505,1.1463e-07,139,139,1.1463e-07,0,0
-6,-15,-30,-0.19486,1.1613e-07,140,140,1.1613e-07,0,0
-6,-15,-30,-0.19466,1.1765e-07,141,141,1.1765e-07,0,0
-6,-15,-30,-0.19446,1.1918e-07,142,142,1.1918e-07,0,0
-6,-15,-30,-0.19426,1.2073e-07,143,143,1.2073e-07,0,0
-6,-15,-30,-0.19406,1.223e-07,144,144,1.223e-07,0,0
-6,-15,-30,-0.19386,1.2387e-07,145,145,1.2387e-07,0,0
-6,-15,-30,-0.19365,1.2547e-07,146,146,1.2547e-07,0,0
-6,-15,-30,-0.19345,1.2708e-07,147,147,1.2708e-07,0,0
-6,-15,-30,-0.19324,1.287e-07,148,148,1.287e-07,0,0
-6,-15,-30,-0.19303,1.3034e-07,149,149,1.3034e-07,0,0
-6,-15,-30,-0.19281,1.32e-07,150,150,1.32e-07,0,0
-6,-15,-30,-0.1926,1.3367e-07,151,151,1.3367e-07,0,0
-6,-15,-30,-0.19238,1.3536e-07,152,152,1.3536e-07,0,0
-6,-15,-30,-0.19216,1.3706e-07,153,153,1.3706e-07,0,0
-6,-15,-30,-0.19194,1.3878e-07,154,154,1.3878e-07,0,0
-6,-15,-30,-0.19172,1.4052e-07,155,155,1.4052e-07,0,0
-6,-15,-30,-0.1915,1.4227e-07,156,156,1.4227e-07,0,0
-6,-15,-30,-0.19127,1.4404e-07,157,157,1.4404e-07,0,0
-6,-15,-30,-0.19104,1.4583e-07,158,158,1.4583e-07,0,0
-6,-15,-30,-0.19081,1.4763e-07,159,159,1.4763e-07,0,0
-6,-15,-30,-0.19058,1.4946e-07,160,160,1.4946e-07,0,0
-6,-15,-30,-0.19034,1.513e-07,161,161,1.513e-07,0,0
-6,-15,-30,-0.1901,1.5315e-07,162,162,1.5315e-07,0,0
-6,-15,-30,-0.18986,1.5503e-07,163,163,1.5503e-07,0,0
-6,-15,-30,-0.18962,1.5692e-07,164,164,1.5692e-07,0,0
-6,-15,-30,-0.18938,1.5883e-07,165,165,1.5883e-07,0,0
-6,-15,-30,-0.18913,1.6076e-07,166,166,1.6076e-07,0,0
-6,-15,-30,-0.18888,1.6271e-07,167,167,1.6271e-07,0,0
-6,-15,-30,-0.18863,1.6468e-07,168,168,1.6468e-07,0,0
-6,-15,-30,-0.18838,1.6667e-07,169,169,1.6667e-07,0,0
-6,-15,-30,-0.18812,1.6867e-07,170,170,1.6867e-07,0,0
-6,-15,-30,-0.18787,1.707e-07,171,171,1.707e-07,0,0
-6,-15,-30,-0.18761,1.7274e-07,172,172,1.7274e-07,0,0
-6,-15,-30,-0.18734,1.748e-07,173,173,1.748e-07,0,0
-6,-15,-30,-0.18708,1.7689e-07,174,174,1.7689e-07,0,0
-6,-15,-30,-0.18681,1.7899e-07,175,175,1.7899e-07,0,0
-6,-15,-30,-0.18654,1.8112e-07,176,176,1.8112e-07,0,0
-6,-15,-30,-0.18627,1.8326e-07,177,177,1.8326e-07,0,0
-6,-15,-30,-0.18599,1.8543e-07,178,178,1.8543e-07,0,0
-6,-15,-30,-0.18571,1.8761e-07,179,179,1.8761e-07,0,0
-6,-15,-30,-0.18543,1.8982e-07,180,180,1.8982e-07,0,0
-6,-15,-30,-0.18515,1.9205e-07,181,181,1.9205e-07,0,0
-6,-15,-30,-0.18487,1.943e-07,182,182,1.943e-07,0,0
-6,-15,-30,-0.18458,1.9657e-07,183,183,1.9657e-07,0,0
-6,-15,-30,-0.18429,1.9886e-07,184,184,1.9886e-07,0,0
-6,-15,-30,-0.184,2.0118e-07,185,185,2.0118e-07,0,0
-6,-15,-30,-0.1837,2.0351e-07,186,186,2.0351e-07,0,0
-6,-15,-30,-0.1834,2.0588e-07,187,187,2.0588e-07,0,0
-6,-15,-30,-0.1831,2.0826e-07,188,188,2.0826e-07,0,0
-6,-15,-30,-0.1828,2.1066e-07,189,189,2.1066e-07,0,0
-6,-15,-30,-0.18249,2.1309e-07,190,190,2.1309e-07,0,0
-6,-15,-30,-0.18218,2.1554e-07,191,191,2.1554e-07,0,0
-6,-15,-30,-0.18187,2.1802e-07,192,192,2.1802e-07,0,0
-6,-15,-30,-0.18155,2.2052e-07,193,193,2.2052e-07,0,0
-6,-15,-30,-0.18123,2.2304e-07,194,194,2.2304e-07,0,0
-6,-15,-30,-0.18091,2.2559e-07,195,195,2.2559e-07,0,0
-6,-15,-30,-0.18059,2.2817e-07,196,196,2.2817e-07,0,0
-6,-15,-30,-0.18026,2.3076e-07,197,197,2.3076e-07,0,0
-6,-15,-30,-0.17993,2.3339e-07,198,198,2.3339e-07,0,0
-6,-15,-30,-0.1796,2.3603e-07,199,199,2.3603e-07,0,0
-6,-15,-30,-0.17927,2.3871e-07,200,200,2.3871e-07,0,0
-6,-15,-30,-0.17893,2.414e-07,201,201,2.414e-07,0,0
-6,-15,-30,-0.17858,2.4413e-07,202,202,2.4413e-07,0,0
-6,-15,-30,-0.17824,2.4688e-07,203,203,2.4688e-07,0,0
-6,-15,-30,-0.17789,2.4966e-07,204,204,2.4966e-07,0,0
-6,-15,-30,-0.17754,2.5246e-07,205,205,2.5246e-07,0,0
-6,-15,-30,-0.17719,2.5529e-07,206,206,2.5529e-07,0,0
-6,-15,-30,-0.17683,2.5815e-07,207,207,2.5815e-07,0,0
-6,-15,-30,-0.17647,2.6104e-07,208,208,2.6104e-07,0,0
-6,-15,-30,-0.1761,2.6395e-07,209,209,2.6395e-07,0,0
-6,-15,-30,-0.17574,2.6689e-07,210,210,2.6689e-07,0,0
-6,-15,-30,-0.17537,2.6986e-07,211,211,2.6986e-07,0,0
-6,-15,-30,-0.17499,2.7286e-07,212,212,2.7286e-07,0,0
-6,-15,-30,-0.17462,2.7589e-07,213,213,2.7589e-07,0,0
-6,-15,-30,-0.17424,2.7895e-07,214,214,2.7895e-07,0,0
-6,-15,-30,-0.17385,2.8203e-07,215,215,2.8203e-07,0,0
-6,-15,-30,-0.17346,2.8515e-07,216,216,2.8515e-07,0,0
-6,-15,-30,-0.17307,2.883e-07,217,217,2.883e-07,0,0
-6,-15,-30,-0.17268,2.9147e-07,218,218,2.9147e-07,0,0
-6,-15,-30,-0.17228,2.9468e-07,219,219,2.9468e-07,0,0
-6,-15,-30,-0.17188,2.9792e-07,220,220,2.9792e-07,0,0
-6,-15,-30,-0.17147,3.0119e-07,221,221,3.0119e-07,0,0
-6,-15,-30,-0.17107,3.0449e-07,222,222,3.0449e-07,0,0
-6,-15,-30,-0.17065,3.0782e-07,223,223,3.0782e-07,0,0
-6,-15,-30,-0.17024,3.1118e-07,224,224,3.1118e-07,0,0
-6,-15,-30,-0.16982,3.1458e-07,225,225,3.1458e-07,0,0
-6,-15,-30,-0.1694,3.1801e-07,226,226,3.1801e-07,0,0
-6,-15,-30,-0.16897,3.2147e-07,227,227,3.2147e-07,0,0
-6,-15,-30,-0.16854,3.2497e-07,228,228,3.2497e-07,0,0
-6,-15,-30,-0.1681,3.2849e-07,229,229,3.2849e-07,0,0
-6,-15,-30,-0.16766,3.3206e-07,230,230,3.3206e-07,0,0
-6,-15,-30,-0.16722,3.3566e-07,231,231,3.3566e-07,0,0
-6,-15,-30,-0.16678,3.3929e-07,232,232,3.3929e-07,0,0
-6,-15,-30,-0.16633,3.4295e-07,233,233,3.4295e-07,0,0
-6,-15,-30,-0.16587,3.4666e-07,234,234,3.4666e-07,0,0
-6,-15,-30,-0.16541,3.5039e-07,235,235,3.5039e-07,0,0
-6,-15,-30,-0.16495,3.5417e-07,236,236,3.5417e-07,0,0
-6,-15,-30,-0.16448,3.5798e-07,237,237,3.5798e-07,0,0
-6,-15,-30,-0.16401,3.6183e-07,238,238,3.6183e-07,0,0
-6,-15,-30,-0.16354,3.6571e-07,239,239,3.6571e-07,0,0
-6,-15,-30,-0.16306,3.6963e-07,240,240,3.6963e-07,0,0
-6,-15,-30,-0.16258,3.7359e-07,241,241,3.7359e-07,0,0
-6,-15,-30,-0.16209,3.7759e-07,242,242,3.7759e-07,0,0
-6,-15,-30,-0.1616,3.8162e-07,243,243,3.8162e-07,0,0
-6,-15,-30,-0.1611,3.857e-07,244,244,3.857e-07,0,0
-6,-15,-30,-0.1606,3.8981e-07,245,245,3.8981e-07,0,0
-6,-15,-30,-0.1601,3.9397e-07,246,246,3.9397e-07,0,0
-6,-15,-30,-0.15959,3.9816e-07,247,247,3.9816e-07,0,0
-6,-15,-30,-0.15908,4.0239e-07,248,248,4.0239e-07,0,0
-6,-15,-30,-0.15856,4.0667e-07,249,249,4.0667e-07,0,0
-6,-15,-30,-0.15804,4.1098e-07,250,250,4.1098e-07,0,0
-6,-15,-30,-0.15751,4.1534e-07,251,251,4.1534e-07,0,0
-6,-15,-30,-0.15698,4.1974e-07,252,252,4.1974e-07,0,0
-6,-15,-30,-0.15645,4.2418e-07,253,253,4.2418e-07,0,0
-6,-15,-30,-0.15591,4.2867e-07,254,254,4.2867e-07,0,0
-6,-15,-30,-0.15536,4.3319e-07,255,255,4.3319e-07,0,0
-6,-15,-30,-0.15481,4.3776e-07,256,256,4.3776e-07,0,0
-6,-15,-30,-0.15426,4.4238e-07,257,257,4.4238e-07,0,0
-6,-15,-30,-0.1537,4.4704e-07,258,258,4.4704e-07,0,0
-6,-15,-30,-0.15313,4.5174e-07,259,259,4.5174e-07,0,0
-6,-15,-30,-0.15257,4.5649e-07,260,260,4.5649e-07,0,0
-6,-15,-30,-0.15199,4.6129e-07,261,261,4.6129e-07,0,0
-6,-15,-30,-0.15141,4.6613e-07,262,262,4.6613e-07,0,0
-6,-15,-30,-0.15083,4.7102e-07,263,263,4.7102e-07,0,0
-6,-15,-30,-0.15024,4.7595e-07,264,264,4.7595e-07,0,0
-6,-15,-30,-0.14965,4.8093e-07,265,265,4.8093e-07,0,0
-6,-15,-30,-0.14905,4.8596e-07,266,266,4.8596e-07,0,0
-6,-15,-30,-0.14845,4.9104e-07,267,267,4.9104e-07,0,0
-6,-15,-30,-0.14784,4.9617e-07,268,268,4.9617e-07,0,0
-6,-15,-30,-0.14722,5.0135e-07,269,269,5.0135e-07,0,0
-6,-15,-30,-0.14661,5.0658e-07,270,270,5.0658e-07,0,0
-6,-15,-30,-0.14598,5.1185e-07,271,271,5.1185e-07,0,0
-6,-15,-30,-0.14535,5.1718e-07,272,272,5.1718e-07,0,0
-6,-15,-30,-0.14472,5.2256e-07,273,273,5.2256e-07,0,0
-6,-15,-30,-0.14408,5.2799e-07,274,274,5.2799e-07,0,0
-6,-15,-30,-0.14343,5.3348e-07,275,275,5.3348e-07,0,0
-6,-15,-30,-0.14278,5.3901e-07,276,276,5.3901e-07,0,0
-6,-15,-30,-0.14213,5.446e-07,277,277,5.446e-07,0,0
-6,-15,-30,-0.14147,5.5025e-07,278,278,5.5025e-07,0,0
-6,-15,-30,-0.1408,5.5594e-07,279,279,5.5594e-07,0,0
-6,-15,-30,-0.14013,5.617e-07,280,280,5.617e-07,0,0
-6,-15,-30,-0.13945,5.675e-07,281,281,5.675e-07,0,0
-6,-15,-30,-0.13876,5.7337e-07,282,282,5.7337e-07,0,0
-6,-15,-30,-0.13807,5.7929e-07,283,283,5.7929e-07,0,0
-6,-15,-30,-0.13738,5.8527e-07,284,284,5.8527e-07,0,0
-6,-15,-30,-0.13668,5.913e-07,285,285,5.913e-07,0,0
-6,-15,-30,-0.13597,5.9739e-07,286,286,5.9739e-07,0,0
-6,-15,-30,-0.13526,6.0354e-07,287,287,6.0354e-07,0,0
-6,-15,-30,-0.13454,6.0976e-07,288,288,6.0976e-07,0,0
-6,-15,-30,-0.13382,6.1603e-07,289,289,6.1603e-07,0,0
-6,-15,-30,-0.13309,6.2236e-07,290,290,6.2236e-07,0,0
-6,-15,-30,-0.13235,6.2875e-07,291,291,6.2875e-07,0,0
-6,-15,-30,-0.13161,6.352e-07,292,292,6.352e-07,0,0
-6,-15,-30,-0.13086,6.4172e-07,293,293,6.4172e-07,0,0
-6,-15,-30,-0.13011,6.483e-07,294,294,6.483e-07,0,0
-6,-15,-30,-0.12935,6.5494e-07,295,295,6.5494e-07,0,0
-6,-15,-30,-0.12858,6.6164e-07,296,296,6.6164e-07,0,0
-6,-15,-30,-0.12781,6.6841e-07,297,297,6.6841e-07,0,0
-6,-15,-30,-0.12703,6.7525e-07,298,298,6.7525e-07,0,0
-6,-15,-30,-0.12625,6.8215e-07,299,299,6.8215e-07,0,0
-6,-15,-30,-0.12546,6.8912e-07,300,300,6.8912e-07,0,0
-6,-15,-30,-0.12466,6.9615e-07,301,301,6.9615e-07,0,0
-6,-15,-30,-0.12386,7.0325e-07,302,302,7.0325e-07,0,0
-6,-15,-30,-0.12305,7.1042e-07,303,303,7.1042e-07,0,0
-6,-15,-30,-0.12223,7.1766e-07,304,304,7.1766e-07,0,0
-6,-15,-30,-0.12141,7.2497e-07,305,305,7.2497e-07,0,0
-6,-15,-30,-0.12058,7.3235e-07,306,306,7.3235e-07,0,0
-6,-15,-30,-0.11975,7.398e-07,307,307,7.398e-07,0,0
-6,-15,-30,-0.1189,7.4733e-07,308,308,7.4733e-07,0,0
-6,-15,-30,-0.11806,7.5492e-07,309,309,7.5492e-07,0,0
-6,-15,-30,-0.1172,7.6259e-07,310,310,7.6259e-07,0,0
-6,-15,-30,-0.11634,7.7033e-07,311,311,7.7033e-07,0,0
-6,-15,-30,-0.11547,7.7815e-07,312,312,7.7815e-07,0,0
-6,-15,-30,-0.1146,7.8604e-07,313,313,7.8604e-07,0,0
-6,-15,-30,-0.11371,7.9401e-07,314,314,7.9401e-07,0,0
-6,-15,-30,-0.11283,8.0205e-07,315,315,8.0205e-07,0,0
-6,-15,-30,-0.11193,8.1017e-07,316,316,8.1017e-07,0,0
-6,-15,-30,-0.11103,8.1837e-07,317,317,8.1837e-07,0,0
-6,-15,-30,-0.11012,8.2665e-07,318,318,8.2665e-07,0,0
-6,-15,-30,-0.1092,8.3501e-07,319,319,8.3501e-07,0,0
-6,-15,-30,-0.10828,8.4345e-07,320,320,8.4345e-07,0,0
-6,-15,-30,-0.10735,8.5197e-07,321,321,8.5197e-07,0,0
-6,-15,-30,-0.10642,8.6057e-07,322,322,8.6057e-07,0,0
-6,-15,-30,-0.10547,8.6926e-07,323,323,8.6926e-07,0,0
-6,-15,-30,-0.10452,8.7802e-07,324,324,8.7802e-07,0,0
-6,-15,-30,-0.10356,8.8688e-07,325,325,8.8688e-07,0,0
-6,-15,-30,-0.1026,8.9582e-07,326,326,8.9582e-07,0,0
-6,-15,-30,-0.10163,9.0484e-07,327,327,9.0484e-07,0,0
-6,-15,-30,-0.10065,9.1395e-07,328,328,9.1395e-07,0,0
-6,-15,-30,-0.099662,9.2315e-07,329,329,9.2315e-07,0,0
-6,-15,-30,-0.098668,9.3244e-07,330,330,9.3244e-07,0,0
-6,-15,-30,-0.097668,9.4181e-07,331,331,9.4181e-07,0,0
-6,-15,-30,-0.09666,9.5128e-07,332,332,9.5128e-07,0,0
-6,-15,-30,-0.095645,9.6084e-07,333,333,9.6084e-07,0,0
-6,-15,-30,-0.094623,9.7049e-07,334,334,9.7049e-07,0,0
-6,-15,-30,-0.093594,9.8023e-07,335,335,9.8023e-07,0,0
-6,-15,-30,-0.092557,9.9007e-07,336,336,9.9007e-07,0,0
-6,-15,-30,-0.091513,1e-06,337,337,1e-06,0,0
-6,-15,-30,-0.090471,1.0099e-06,338,338,1.0099e-06,0,0
-6,-15,-30,-0.089443,1.0198e-06,339,339,1.0198e-06,0,0
-6,-15,-30,-0.088427,1.0295e-06,340,340,1.0295e-06,0,0
-6,-15,-30,-0.087423,1.0391e-06,341,341,1.0391e-06,0,0
-6,-15,-30,-0.086431,1.0487e-06,342,342,1.0487e-06,0,0
-6,-15,-30,-0.085452,1.0582e-06,343,343,1.0582e-06,0,0
-6,-15,-30,-0.084485,1.0675e-06,344,344,1.0675e-06,0,0
-6,-15,-30,-0.083529,1.0768e-06,345,345,1.0768e-06,0,0
-6,-15,-30,-0.082585,1.086e-06,346,346,1.086e-06,0,0
-6,-15,-30,-0.081652,1.0951e-06,347,347,1.0951e-06,0,0
-6,-15,-30,-0.080731,1.1041e-06,348,348,1.1041e-06,0,0
-6,-15,-30,-0.07982,1.113e-06,349,349,1.113e-06,0,0
-6,-15,-30,-0.078921,1.1218e-06,350,350,1.1218e-06,0,0
-6,-15,-30,-0.078033,1.1306e-06,351,351,1.1306e-06,0,0
-6,-15,-30,-0.077155,1.1392e-06,352,352,1.1392e-06,0,0
-6,-15,-30,-0.076288,1.1478e-06,353,353,1.1478e-06,0,0
-6,-15,-30,-0.075431,1.1563e-06,354,354,1.1563e-06,0,0
-6,-15,-30,-0.074584,1.1647e-06,355,355,1.1647e-06,0,0
-6,-15,-30,-0.073748,1.173e-06,356,356,1.173e-06,0,0
-6,-15,-30,-0.072921,1.1813e-06,357,357,1.1813e-06,0,0
-6,-15,-30,-0.072104,1.1895e-06,358,358,1.1895e-06,0,0
-6,-15,-30,-0.071297,1.1975e-06,359,359,1.1975e-06,0,0
-6,-15,-30,-0.0705,1.2055e-06,360,360,1.2055e-06,0,0
-6,-15,-30,-0.069712,1.2135e-06,361,361,1.2135e-06,0,0
-6,-15,-30,-0.068934,1.2213e-06,362,362,1.2213e-06,0,0
-6,-15,-30,-0.068164,1.2291e-06,363,363,1.2291e-06,0,0
-6,-15,-30,-0.067404,1.2368e-06,364,364,1.2368e-06,0,0
-6,-15,-30,-0.066653,1.2444e-06,365,365,1.2444e-06,0,0
-6,-15,-30,-0.06591,1.252e-06,366,366,1.252e-06,0,0
-6,-15,-30,-0.065177,1.2595e-06,367,367,1.2595e-06,0,0
-6,-15,-30,-0.064452,1.2669e-06,368,368,1.2669e-06,0,0
-6,-15,-30,-0.063735,1.2742e-06,369,369,1.2742e-06,0,0
-6,-15,-30,-0.063027,1.2815e-06,370,370,1.2815e-06,0,0
-6,-15,-30,-0.062327,1.2887e-06,371,371,1.2887e-06,0,0
-6,-15,-30,-0.061636,1.2958e-06,372,372,1.2958e-06,0,0
-6,-15,-30,-0.060952,1.3028e-06,373,373,1.3028e-06,0,0
-6,-15,-30,-0.060276,1.3098e-06,374,374,1.3098e-06,0,0
-6,-15,-30,-0.059609,1.3167e-06,375,375,1.3167e-06,0,0
-6,-15,-30,-0.058949,1.3236e-06,376,376,1.3236e-06,0,0
-6,-15,-30,-0.058297,1.3304e-06,377,377,1.3304e-06,0,0
-6,-15,-30,-0.057652,1.3371e-06,378,378,1.3371e-06,0,0
-6,-15,-30,-0.057015,1.3437e-06,379,379,1.3437e-06,0,0
-6,-15,-30,-0.056385,1.3503e-06,380,380,1.3503e-06,0,0
-6,-15,-30,-0.055762,1.3568e-06,381,381,1.3568e-06,0,0
-6,-15,-30,-0.055147,1.3633e-06,382,382,1.3633e-06,0,0
-6,-15,-30,-0.054539,1.3697e-06,383,383,1.3697e-06,0,0
-6,-15,-30,-0.053937,1.376e-06,384,384,1.376e-06,0,0
-6,-15,-30,-0.053343,1.3823e-06,385,385,1.3823e-06,0,0
-6,-15,-30,-0.052755,1.3885e-06,386,386,1.3885e-06,0,0
-6,-15,-30,-0.052175,1.3947e-06,387,387,1.3947e-06,0,0
-6,-15,-30,-0.0516,1.4007e-06,388,388,1.4007e-06,0,0
-6,-15,-30,-0.051033,1.4068e-06,389,389,1.4068e-06,0,0
-6,-15,-30,-0.050472,1.4127e-06,390,390,1.4127e-06,0,0
-6,-15,-30,-0.049917,1.4187e-06,391,391,1.4187e-06,0,0
-6,-15,-30,-0.049369,1.4245e-06,392,392,1.4245e-06,0,0
-6,-15,-30,-0.048827,1.4303e-06,393,393,1.4303e-06,0,0
-6,-15,-30,-0.048291,1.4361e-06,394,394,1.4361e-06,0,0
-6,-15,-30,-0.047761,1.4417e-06,395,395,1.4417e-06,0,0
-6,-15,-30,-0.047237,1.4474e-06,396,396,1.4474e-06,0,0
-6,-15,-30,-0.046719,1.453e-06,397,397,1.453e-06,0,0
-6,-15,-30,-0.046207,1.4585e-06,398,398,1.4585e-06,0,0
-6,-15,-30,-0.045701,1.4639e-06,399,399,1.4639e-06,0,0
-6,-15,-30,-0.045201,1.4694e-06,400,400,1.4694e-06,0,0
-6,-15,-30,-0.044706,1.4747e-06,401,401,1.4747e-06,0,0
-6,-15,-30,-0.044217,1.48e-06,402,402,1.48e-06,0,0
-6,-15,-30,-0.043733,1.4853e-06,403,403,1.4853e-06,0,0
-6,-15,-30,-0.043255,1.4905e-06,404,404,1.4905e-06,0,0
-6,-15,-30,-0.042782,1.4957e-06,405,405,1.4957e-06,0,0
-6,-15,-30,-0.042314,1.5008e-06,406,406,1.5008e-06,0,0
-6,-15,-30,-0.041852,1.5058e-06,407,407,1.5058e-06,0,0
-6,-15,-30,-0.041395,1.5108e-06,408,408,1.5108e-06,0,0
-6,-15,-30,-0.040943,1.5158e-06,409,409,1.5158e-06,0,0
-6,-15,-30,-0.040496,1.5207e-06,410,410,1.5207e-06,0,0
-6,-15,-30,-0.040054,1.5256e-06,411,411,1.5256e-06,0,0
-6,-15,-30,-0.039616,1.5304e-06,412,412,1.5304e-06,0,0
-6,-15,-30,-0.039184,1.5352e-06,413,413,1.5352e-06,0,0
-6,-15,-30,-0.038757,1.5399e-06,414,414,1.5399e-06,0,0
-6,-15,-30,-0.038334,1.5446e-06,415,415,1.5446e-06,0,0
-6,-15,-30,-0.037916,1.5492e-06,416,416,1.5492e-06,0,0
-6,-15,-30,-0.037503,1.5538e-06,417,417,1.5538e-06,0,0
-6,-15,-30,-0.037094,1.5583e-06,418,418,1.5583e-06,0,0
-6,-15,-30,-0.03669,1.5628e-06,419,419,1.5628e-06,0,0
-6,-15,-30,-0.03629,1.5673e-06,420,420,1.5673e-06,0,0
-6,-15,-30,-0.035895,1.5717e-06,421,421,1.5717e-06,0,0
-6,-15,-30,-0.035504,1.576e-06,422,422,1.576e-06,0,0
-6,-15,-30,-0.035117,1.5804e-06,423,423,1.5804e-06,0,0
-6,-15,-30,-0.034735,1.5846e-06,424,424,1.5846e-06,0,0
-6,-15,-30,-0.034357,1.5889e-06,425,425,1.5889e-06,0,0
-6,-15,-30,-0.033983,1.5931e-06,426,426,1.5931e-06,0,0
-6,-15,-30,-0.033613,1.5972e-06,427,427,1.5972e-06,0,0
-6,-15,-30,-0.033247,1.6014e-06,428,428,1.6014e-06,0,0
-6,-15,-30,-0.032885,1.6054e-06,429,429,1.6054e-06,0,0
-6,-15,-30,-0.032527,1.6095e-06,430,430,1.6095e-06,0,0
-6,-15,-30,-0.032173,1.6135e-06,431,431,1.6135e-06,0,0
-6,-15,-30,-0.031823,1.6174e-06,432,432,1.6174e-06,0,0
-6,-15,-30,-0.031477,1.6214e-06,433,433,1.6214e-06,0,0
-6,-15,-30,-0.031134,1.6252e-06,434,434,1.6252e-06,0,0
-6,-15,-30,-0.030796,1.6291e-06,435,435,1.6291e-06,0,0
-6,-15,-30,-0.030461,1.6329e-06,436,436,1.6329e-06,0,0
-6,-15,-30,-0.030129,1.6367e-06,437,437,1.6367e-06,0,0
-6,-15,-30,-0.029801,1.6404e-06,438,438,1.6404e-06,0,0
-6,-15,-30,-0.029477,1.6441e-06,439,439,1.6441e-06,0,0
-6,-15,-30,-0.029156,1.6478e-06,440,440,1.6478e-06,0,0
-6,-15,-30,-0.028839,1.6514e-06,441,441,1.6514e-06,0,0
-6,-15,-30,-0.028525,1.655e-06,442,442,1.655e-06,0,0
-6,-15,-30,-0.028215,1.6585e-06,443,443,1.6585e-06,0,0
-6,-15,-30,-0.027908,1.6621e-06,444,444,1.6621e-06,0,0
-6,-15,-30,-0.027604,1.6656e-06,445,445,1.6656e-06,0,0
-6,-15,-30,-0.027304,1.669e-06,446,446,1.669e-06,0,0
-6,-15,-30,-0.027006,1.6724e-06,447,447,1.6724e-06,0,0
-6,-15,-30,-0.026712,1.6758e-06,448,448,1.6758e-06,0,0
-6,-15,-30,-0.026422,1.6792e-06,449,449,1.6792e-06,0,0
-6,-15,-30,-0.026134,1.6825e-06,450,450,1.6825e-06,0,0
-6,-15,-30,-0.025849,1.6858e-06,451,451,1.6858e-06,0,0
-6,-15,-30,-0.025568,1.689e-06,452,452,1.689e-06,0,0
-6,-15,-30,-0.025289,1.6923e-06,453,453,1.6923e-06,0,0
-6,-15,-30,-0.025013,1.6955e-06,454,454,1.6955e-06,0,0
-6,-15,-30,-0.024741,1.6986e-06,455,455,1.6986e-06,0,0
-6,-15,-30,-0.024471,1.7017e-06,456,456,1.7017e-06,0,0
-6,-15,-30,-0.024204,1.7048e-06,457,457,1.7048e-06,0,0
-6,-15,-30,-0.02394,1.7079e-06,458,458,1.7079e-06,0,0
-6,-15,-30,-0.023679,1.711e-06,459,459,1.711e-06,0,0
-6,-15,-30,-0.023421,1.714e-06,460,460,1.714e-06,0,0
-6,-15,-30,-0.023165,1.717e-06,461,461,1.717e-06,0,0
-6,-15,-30,-0.022912,1.7199e-06,462,462,1.7199e-06,0,0
-6,-15,-30,-0.022662,1.7228e-06,463,463,1.7228e-06,0,0
-6,-15,-30,-0.022415,1.7257e-06,464,464,1.7257e-06,0,0
-6,-15,-30,-0.02217,1.7286e-06,465,465,1.7286e-06,0,0
-6,-15,-30,-0.021928,1.7314e-06,466,466,1.7314e-06,0,0
-6,-15,-30,-0.021688,1.7342e-06,467,467,1.7342e-06,0,0
-6,-15,-30,-0.021451,1.737e-06,468,468,1.737e-06,0,0
-6,-15,-30,-0.021216,1.7398e-06,469,469,1.7398e-06,0,0
-6,-15,-30,-0.020984,1.7425e-06,470,470,1.7425e-06,0,0
-6,-15,-30,-0.020754,1.7452e-06,471,471,1.7452e-06,0,0
-6,-15,-30,-0.020527,1.7479e-06,472,472,1.7479e-06,0,0
-6,-15,-30,-0.020302,1.7506e-06,473,473,1.7506e-06,0,0
-6,-15,-30,-0.02008,1.7532e-06,474,474,1.7532e-06,0,0
-6,-15,-30,-0.019859,1.7558e-06,475,475,1.7558e-06,0,0
-6,-15,-30,-0.019642,1.7584e-06,476,476,1.7584e-06,0,0
-6,-15,-30,-0.019426,1.7609e-06,477,477,1.7609e-06,0,0
-6,-15,-30,-0.019213,1.7634e-06,478,478,1.7634e-06,0,0
-6,-15,-30,-0.019002,1.7659e-06,479,479,1.7659e-06,0,0
-6,-15,-30,-0.018793,1.7684e-06,480,480,1.7684e-06,0,0
-6,-15,-30,-0.018586,1.7709e-06,481,481,1.7709e-06,0,0
-6,-15,-30,-0.018382,1.7733e-06,482,482,1.7733e-06,0,0
-6,-15,-30,-0.01818,1.7757e-06,483,483,1.7757e-06,0,0
-6,-15,-30,-0.01798,1.7781e-06,484,484,1.7781e-06,0,0
-6,-15,-30,-0.017782,1.7804e-06,485,485,1.7804e-06,0,0
-6,-15,-30,-0.017586,1.7828e-06,486,486,1.7828e-06,0,0
-6,-15,-30,-0.017392,1.7851e-06,487,487,1.7851e-06,0,0
-6,-15,-30,-0.0172,1.7874e-06,488,488,1.7874e-06,0,0
-6,-15,-30,-0.01701,1.7896e-06,489,489,1.7896e-06,0,0
-6,-15,-30,-0.016822,1.7919e-06,490,490,1.7919e-06,0,0
-6,-15,-30,-0.016636,1.7941e-06,491,491,1.7941e-06,0,0
-6,-15,-30,-0.016452,1.7963e-06,492,492,1.7963e-06,0,0
-6,-15,-30,-0.01627,1.7985e-06,493,493,1.7985e-06,0,0
-6,-15,-30,-0.01609,1.8007e-06,494,494,1.8007e-06,0,0
-6,-15,-30,-0.015911,1.8028e-06,495,495,1.8028e-06,0,0
-6,-15,-30,-0.015735,1.8049e-06,496,496,1.8049e-06,0,0
-6,-15,-30,-0.01556,1.807e-06,497,497,1.807e-06,0,0
-6,-15,-30,-0.015387,1.8091e-06,498,498,1.8091e-06,0,0
-6,-15,-30,-0.015216,1.8111e-06,499,499,1.8111e-06,0,0
-6,-15,-30,-0.015047,1.8132e-06,500,500,1.8132e-06,0,0
-6,-15,-30,-0.01488,1.8152e-06,501,501,1.8152e-06,0,0
-6,-15,-30,-0.014714,1.8172e-06,502,502,1.8172e-06,0,0
-6,-15,-30,-0.01455,1.8192e-06,503,503,1.8192e-06,0,0
-6,-15,-30,-0.014388,1.8211e-06,504,504,1.8211e-06,0,0
-6,-15,-30,-0.014227,1.8231e-06,505,505,1.8231e-06,0,0
-6,-15,-30,-0.014068,1.825e-06,506,506,1.825e-06,0,0
-6,-15,-30,-0.013911,1.8269e-06,507,507,1.8269e-06,0,0
-6,-15,-30,-0.013755,1.8288e-06,508,508,1.8288e-06,0,0
-6,-15,-30,-0.013601,1.8306e-06,509,509,1.8306e-06,0,0
-6,-15,-30,-0.013449,1.8325e-06,510,510,1.8325e-06,0,0
-6,-15,-30,-0.013298,1.8343e-06,511,511,1.8343e-06,0,0
-6,-15,-30,-0.013148,1.8361e-06,512,512,1.8361e-06,0,0
-6,-15,-30,-0.013,1.8379e-06,513,513,1.8379e-06,0,0
-6,-15,-30,-0.012854,1.8397e-06,514,514,1.8397e-06,0,0
-6,-15,-30,-0.012709,1.8415e-06,515,515,1.8415e-06,0,0
-6,-15,-30,-0.012566,1.8432e-06,516,516,1.8432e-06,0,0
-6,-15,-30,-0.012424,1.8449e-06,517,517,1.8449e-06,0,0
-6,-15,-30,-0.012284,1.8466e-06,518,518,1.8466e-06,0,0
-6,-15,-30,-0.012145,1.8483e-06,519,519,1.8483e-06,0,0
-6,-15,-30,-0.012007,1.85e-06,520,520,1.85e-06,0,0
-6,-15,-30,-0.011871,1.8517e-06,521,521,1.8517e-06,0,0
-6,-15,-30,-0.011737,1.8533e-06,522,522,1.8533e-06,0,0
-6,-15,-30,-0.011603,1.8549e-06,523,523,1.8549e-06,0,0
-6,-15,-30,-0.011471,1.8565e-06,524,524,1.8565e-06,0,0
-6,-15,-30,-0.011341,1.8581e-06,525,525,1.8581e-06,0,0
-6,-15,-30,-0.011212,1.8597e-06,526,526,1.8597e-06,0,0
-6,-15,-30,-0.011084,1.8613e-06,527,527,1.8613e-06,0,0
-6,-15,-30,-0.010957,1.8628e-06,528,528,1.8628e-06,0,0
-6,-15,-30,-0.010832,1.8644e-06,529,529,1.8644e-06,0,0
-6,-15,-30,-0.010708,1.8659e-06,530,530,1.8659e-06,0,0
-6,-15,-30,-0.010585,1.8674e-06,531,531,1.8674e-06,0,0
-6,-15,-30,-0.010464,1.8689e-06,532,532,1.8689e-06,0,0
-6,-15,-30,-0.010343,1.8703e-06,533,533,1.8703e-06,0,0
-6,-15,-30,-0.010224,1.8718e-06,534,534,1.8718e-06,0,0
-6,-15,-30,-0.010106,1.8733e-06,535,535,1.8733e-06,0,0
-6,-15,-30,-0.0099898,1.8747e-06,536,536,1.8747e-06,0,0
-6,-15,-30,-0.0098744,1.8761e-06,537,537,1.8761e-06,0,0
-6,-15,-30,-0.0097601,1.8775e-06,538,538,1.8775e-06,0,0
-6,-15,-30,-0.009647,1.8789e-06,539,539,1.8789e-06,0,0
-6,-15,-30,-0.0095351,1.8803e-06,540,540,1.8803e-06,0,0
-6,-15,-30,-0.0094243,1.8816e-06,541,541,1.8816e-06,0,0
-6,-15,-30,-0.0093146,1.883e-06,542,542,1.883e-06,0,0
-6,-15,-30,-0.0092061,1.8843e-06,543,543,1.8843e-06,0,0
-6,-15,-30,-0.0090986,1.8856e-06,544,544,1.8856e-06,0,0
-6,-15,-30,-0.0089923,1.887e-06,545,545,1.887e-06,0,0
-6,-15,-30,-0.008887,1.8883e-06,546,546,1.8883e-06,0,0
-6,-15,-30,-0.0087828,1.8895e-06,547,547,1.8895e-06,0,0
-6,-15,-30,-0.0086796,1.8908e-06,548,548,1.8908e-06,0,0
-6,-15,-30,-0.0085775,1.8921e-06,549,549,1.8921e-06,0,0
-6,-15,-30,-0.0084765,1.8933e-06,550,550,1.8933e-06,0,0
-6,-15,-30,-0.0083764,1.8946e-06,551,551,1.8946e-06,0,0
-6,-15,-30,-0.0082774,1.8958e-06,552,552,1.8958e-06,0,0
-6,-15,-30,-0.0081794,1.897e-06,553,553,1.897e-06,0,0
-6,-15,-30,-0.0080824,1.8982e-06,554,554,1.8982e-06,0,0
-6,-15,-30,-0.0079863,1.8994e-06,555,555,1.8994e-06,0,0
-6,-15,-30,-0.0078913,1.9006e-06,556,556,1.9006e-06,0,0
-6,-15,-30,-0.0077971,1.9017e-06,557,557,1.9017e-06,0,0
-6,-15,-30,-0.007704,1.9029e-06,558,558,1.9029e-06,0,0
-6,-15,-30,-0.0076118,1.904e-06,559,559,1.904e-06,0,0
-6,-15,-30,-0.0075205,1.9052e-06,560,560,1.9052e-06,0,0
-6,-15,-30,-0.0074301,1.9063e-06,561,561,1.9063e-06,0,0
-6,-15,-30,-0.0073407,1.9074e-06,562,562,1.9074e-06,0,0
-6,-15,-30,-0.0072521,1.9085e-06,563,563,1.9085e-06,0,0
-6,-15,-30,-0.0071645,1.9096e-06,564,564,1.9096e-06,0,0
-6,-15,-30,-0.0070777,1.9107e-06,565,565,1.9107e-06,0,0
-6,-15,-30,-0.0069918,1.9117e-06,566,566,1.9117e-06,0,0
-6,-15,-30,-0.0069068,1.9128e-06,567,567,1.9128e-06,0,0
-6,-15,-30,-0.0068226,1.9138e-06,568,568,1.9138e-06,0,0
-6,-15,-30,-0.0067393,1.9149e-06,569,569,1.9149e-06,0,0
-6,-15,-30,-0.0066568,1.9159e-06,570,570,1.9159e-06,0,0
-6,-15,-30,-0.0065752,1.9169e-06,571,571,1.9169e-06,0,0
-6,-15,-30,-0.0064944,1.9179e-06,572,572,1.9179e-06,0,0
-6,-15,-30,-0.0064143,1.9189e-06,573,573,1.9189e-06,0,0
-6,-15,-30,-0.0063351,1.9199e-06,574,574,1.9199e-06,0,0
-6,-15,-30,-0.0062567,1.9209e-06,575,575,1.9209e-06,0,0
-6,-15,-30,-0.0061791,1.9219e-06,576,576,1.9219e-06,0,0
-6,-15,-30,-0.0061023,1.9228e-06,577,577,1.9228e-06,0,0
-6,-15,-30,-0.0060262,1.9238e-06,578,578,1.9238e-06,0,0
-6,-15,-30,-0.0059509,1.9247e-06,579,579,1.9247e-06,0,0
-6,-15,-30,-0.0058763,1.9256e-06,580,580,1.9256e-06,0,0
-6,-15,-30,-0.0058025,1.9266e-06,581,581,1.9266e-06,0,0
-6,-15,-30,-0.0057295,1.9275e-06,582,582,1.9275e-06,0,0
-6,-15,-30,-0.0056571,1.9284e-06,583,583,1.9284e-06,0,0
-6,-15,-30,-0.0055855,1.9293e-06,584,584,1.9293e-06,0,0
-6,-15,-30,-0.0055147,1.9302e-06,585,585,1.9302e-06,0,0
-6,-15,-30,-0.0054445,1.931e-06,586,586,1.931e-06,0,0
-6,-15,-30,-0.005375,1.9319e-06,587,587,1.9319e-06,0,0
-6,-15,-30,-0.0053062,1.9328e-06,588,588,1.9328e-06,0,0
-6,-15,-30,-0.0052382,1.9336e-06,589,589,1.9336e-06,0,0
-6,-15,-30,-0.0051708,1.9345e-06,590,590,1.9345e-06,0,0
-6,-15,-30,-0.005104,1.9353e-06,591,591,1.9353e-06,0,0
-6,-15,-30,-0.005038,1.9361e-06,592,592,1.9361e-06,0,0
-6,-15,-30,-0.0049726,1.937e-06,593,593,1.937e-06,0,0
-6,-15,-30,-0.0049078,1.9378e-06,594,594,1.9378e-06,0,0
-6,-15,-30,-0.0048437,1.9386e-06,595,595,1.9386e-06,0,0
-6,-15,-30,-0.0047803,1.9394e-06,596,596,1.9394e-06,0,0
-6,-15,-30,-0.0047175,1.9402e-06,597,597,1.9402e-06,0,0
-6,-15,-30,-0.0046553,1.9409e-06,598,598,1.9409e-06,0,0
-6,-15,-30,-0.0045937,1.9417e-06,599,599,1.9417e-06,0,0
-6,-15,-30,-0.0045327,1.9425e-06,600,600,1.9425e-06,0,0
-6,-15,-30,-0.0044724,1.9432e-06,601,601,1.9432e-06,0,0
-6,-15,-30,-0.0044127,1.944e-06,602,602,1.944e-06,0,0
-6,-15,-30,-0.0043535,1.9447e-06,603,603,1.9447e-06,0,0
-6,-15,-30,-0.004295,1.9455e-06,604,604,1.9455e-06,0,0
-6,-15,-30,-0.004237,1.9462e-06,605,605,1.9462e-06,0,0
-6,-15,-30,-0.0041796,1.9469e-06,606,606,1.9469e-06,0,0
-6,-15,-30,-0.0041228,1.9476e-06,607,607,1.9476e-06,0,0
-6,-15,-30,-0.0040665,1.9483e-06,608,608,1.9483e-06,0,0
-6,-15,-30,-0.0040108,1.949e-06,609,609,1.949e-06,0,0
-6,-15,-30,-0.0039557,1.9497e-06,610,610,1.9497e-06,0,0
-6,-15,-30,-0.0039011,1.9504e-06,611,611,1.9504e-06,0,0
-6,-15,-30,-0.003847,1.9511e-06,612,612,1.9511e-06,0,0
-6,-15,-30,-0.0037935,1.9518e-06,613,613,1.9518e-06,0,0
-6,-15,-30,-0.0037406,1.9525e-06,614,614,1.9525e-06,0,0
-6,-15,-30,-0.0036881,1.9531e-06,615,615,1.9531e-06,0,0
-6,-15,-30,-0.0036362,1.9538e-06,616,616,1.9538e-06,0,0
-6,-15,-30,-0.0035848,1.9544e-06,617,617,1.9544e-06,0,0
-6,-15,-30,-0.0035339,1.9551e-06,618,618,1.9551e-06,0,0
-6,-15,-30,-0.0034835,1.9557e-06,619,619,1.9557e-06,0,0
-6,-15,-30,-0.0034336,1.9563e-06,620,620,1.9563e-06,0,0
-6,-15,-30,-0.0033842,1.9569e-06,621,621,1.9569e-06,0,0
-6,-15,-30,-0.0033353,1.9576e-06,622,622,1.9576e-06,0,0
-6,-15,-30,-0.0032869,1.9582e-06,623,623,1.9582e-06,0,0
-6,-15,-30,-0.0032389,1.9588e-06,624,624,1.9588e-06,0,0
-6,-15,-30,-0.0031915,1.9594e-06,625,625,1.9594e-06,0,0
-6,-15,-30,-0.0031445,1.96e-06,626,626,1.96e-06,0,0
-6,-15,-30,-0.003098,1.9606e-06,627,627,1.9606e-06,0,0
-6,-15,-30,-0.0030519,1.9611e-06,628,628,1.9611e-06,0,0
-6,-15,-30,-0.0030063,1.9617e-06,629,629,1.9617e-06,0,0
-6,-15,-30,-0.0029612,1.9623e-06,630,630,1.9623e-06,0,0
-6,-15,-30,-0.0029165,1.9629e-06,631,631,1.9629e-06,0,0
-6,-15,-30,-0.0028722,1.9634e-06,632,632,1.9634e-06,0,0
-6,-15,-30,-0.0028284,1.964e-06,633,633,1.964e-06,0,0
-6,-15,-30,-0.002785,1.9645e-06,634,634,1.9645e-06,0,0
-6,-15,-30,-0.0027421,1.9651e-06,635,635,1.9651e-06,0,0
-6,-15,-30,-0.0026995,1.9656e-06,636,636,1.9656e-06,0,0
-6,-15,-30,-0.0026574,1.9661e-06,637,637,1.9661e-06,0,0
-6,-15,-30,-0.0026157,1.9667e-06,638,638,1.9667e-06,0,0
-6,-15,-30,-0.0025745,1.9672e-06,639,639,1.9672e-06,0,0
-6,-15,-30,-0.0025336,1.9677e-06,640,640,1.9677e-06,0,0
-6,-15,-30,-0.0024931,1.9682e-06,641,641,1.9682e-06,0,0
-6,-15,-30,-0.0024531,1.9687e-06,642,642,1.9687e-06,0,0
-6,-15,-30,-0.0024134,1.9692e-06,643,643,1.9692e-06,0,0
-6,-15,-30,-0.0023741,1.9697e-06,644,644,1.9697e-06,0,0
-6,-15,-30,-0.0023352,1.9702e-06,645,645,1.9702e-06,0,0
-6,-15,-30,-0.0022968,1.9707e-06,646,646,1.9707e-06,0,0
-6,-15,-30,-0.0022586,1.9712e-06,647,647,1.9712e-06,0,0
-6,-15,-30,-0.0022209,1.9717e-06,648,648,1.9717e-06,0,0
-6,-15,-30,-0.0021835,1.9721e-06,649,649,1.9721e-06,0,0
-6,-15,-30,-0.0021465,1.9726e-06,650,650,1.9726e-06,0,0
-6,-15,-30,-0.0021099,1.9731e-06,651,651,1.9731e-06,0,0
-6,-15,-30,-0.0020736,1.9735e-06,652,652,1.9735e-06,0,0
-6,-15,-30,-0.0020377,1.974e-06,653,653,1.974e-06,0,0
-6,-15,-30,-0.0020022,1.9745e-06,654,654,1.9745e-06,0,0
-6,-15,-30,-0.001967,1.9749e-06,655,655,1.9749e-06,0,0
-6,-15,-30,-0.0019321,1.9753e-06,656,656,1.9753e-06,0,0
-6,-15,-30,-0.0018976,1.9758e-06,657,657,1.9758e-06,0,0
-6,-15,-30,-0.0018634,1.9762e-06,658,658,1.9762e-06,0,0
-6,-15,-30,-0.0018296,1.9766e-06,659,659,1.9766e-06,0,0
-6,-15,-30,-0.0017961,1.9771e-06,660,660,1.9771e-06,0,0
-6,-15,-30,-0.0017629,1.9775e-06,661,661,1.9775e-06,0,0
-6,-15,-30,-0.0017301,1.9779e-06,662,662,1.9779e-06,0,0
-6,-15,-30,-0.0016976,1.9783e-06,663,663,1.9783e-06,0,0
-6,-15,-30,-0.0016654,1.9787e-06,664,664,1.9787e-06,0,0
-6,-15,-30,-0.0016335,1.9791e-06,665,665,1.9791e-06,0,0
-6,-15,-30,-0.0016019,1.9795e-06,666,666,1.9795e-06,0,0
-6,-15,-30,-0.0015707,1.9799e-06,667,667,1.9799e-06,0,0
-6,-15,-30,-0.0015398,1.9803e-06,668,668,1.9803e-06,0,0
-6,-15,-30,-0.0015091,1.9807e-06,669,669,1.9807e-06,0,0
-6,-15,-30,-0.0014788,1.9811e-06,670,670,1.9811e-06,0,0
-6,-15,-30,-0.0014487,1.9815e-06,671,671,1.9815e-06,0,0
-6,-15,-30,-0.001419,1.9819e-06,672,672,1.9819e-06,0,0
-6,-15,-30,-0.0013896,1.9822e-06,673,673,1.9822e-06,0,0
-6,-15,-30,-0.0013604,1.9826e-06,674,674,1.9826e-06,0,0
-6,-15,-30,-0.0013315,1.983e-06,675,675,1.983e-06,0,0
-6,-15,-30,-0.001303,1.9833e-06,676,676,1.9833e-06,0,0
-6,-15,-30,-0.0012746,1.9837e-06,677,677,1.9837e-06,0,0
-6,-15,-30,-0.0012466,1.9841e-06,678,678,1.9841e-06,0,0
-6,-15,-30,-0.0012189,1.9844e-06,679,679,1.9844e-06,0,0
-6,-15,-30,-0.0011914,1.9848e-06,680,680,1.9848e-06,0,0
-6,-15,-30,-0.0011642,1.9851e-06,681,681,1.9851e-06,0,0
-6,-15,-30,-0.0011373,1.9855e-06,682,682,1.9855e-06,0,0
-6,-15,-30,-0.0011106,1.9858e-06,683,683,1.9858e-06,0,0
-6,-15,-30,-0.0010842,1.9861e-06,684,684,1.9861e-06,0,0
-6,-15,-30,-0.001058,1.9865e-06,685,685,1.9865e-06,0,0
-6,-15,-30,-0.0010322,1.9868e-06,686,686,1.9868e-06,0,0
-6,-15,-30,-0.0010065,1.9871e-06,687,687,1.9871e-06,0,0
-6,-15,-30,-0.00098114,1.9875e-06,688,688,1.9875e-06,0,0
-6,-15,-30,-0.000956,1.9878e-06,689,689,1.9878e-06,0,0
-6,-15,-30,-0.00093112,1.9881e-06,690,690,1.9881e-06,0,0
-6,-15,-30,-0.00090648,1.9884e-06,691,691,1.9884e-06,0,0
-6,-15,-30,-0.00088208,1.9887e-06,692,692,1.9887e-06,0,0
-6,-15,-30,-0.00085792,1.989e-06,693,693,1.989e-06,0,0
-6,-15,-30,-0.000834,1.9893e-06,694,694,1.9893e-06,0,0
-6,-15,-30,-0.00081031,1.9896e-06,695,695,1.9896e-06,0,0
-6,-15,-30,-0.00078686,1.9899e-06,696,696,1.9899e-06,0,0
-6,-15,-30,-0.00076364,1.9902e-06,697,697,1.9902e-06,0,0
-6,-15,-30,-0.00074065,1.9905e-06,698,698,1.9905e-06,0,0
-6,-15,-30,-0.00071788,1.9908e-06,699,699,1.9908e-06,0,0
-6,-15,-30,-0.00069534,1.9911e-06,700,700,1.9911e-06,0,0
-6,-15,-30,-0.00067302,1.9914e-06,701,701,1.9914e-06,0,0
-6,-15,-30,-0.00065091,1.9917e-06,702,702,1.9917e-06,0,0
-6,-15,-30,-0.00062903,1.9919e-06,703,703,1.9919e-06,0,0
-6,-15,-30,-0.00060736,1.9922e-06,704,704,1.9922e-06,0,0
-6,-15,-30,-0.0005859,1.9925e-06,705,705,1.9925e-06,0,0
-6,-15,-30,-0.00056466,1.9928e-06,706,706,1.9928e-06,0,0
-6,-15,-30,-0.00054362,1.993e-06,707,707,1.993e-06,0,0
-6,-15,-30,-0.00052279,1.9933e-06,708,708,1.9933e-06,0,0
-6,-15,-30,-0.00050216,1.9936e-06,709,709,1.9936e-06,0,0
-6,-15,-30,-0.00048174,1.9938e-06,710,710,1.9938e-06,0,0
-6,-15,-30,-0.00046151,1.9941e-06,711,711,1.9941e-06,0,0
-6,-15,-30,-0.00044149,1.9943e-06,712,712,1.9943e-06,0,0
-6,-15,-30,-0.00042166,1.9946e-06,713,713,1.9946e-06,0,0
-6,-15,-30,-0.00040203,1.9949e-06,714,714,1.9949e-06,0,0
-6,-15,-30,-0.00038259,1.9951e-06,715,715,1.9951e-06,0,0
-6,-15,-30,-0.00036334,1.9953e-06,716,716,1.9953e-06,0,0
-6,-15,-30,-0.00034428,1.9956e-06,717,717,1.9956e-06,0,0
-6,-15,-30,-0.0003254,1.9958e-06,718,718,1.9958e-06,0,0
-6,-15,-30,-0.00030672,1.9961e-06,719,719,1.9961e-06,0,0
-6,-15,-30,-0.00028821,1.9963e-06,720,720,1.9963e-06,0,0
-6,-15,-30,-0.00026989,1.9965e-06,721,721,1.9965e-06,0,0
-6,-15,-30,-0.00025174,1.9968e-06,722,722,1.9968e-06,0,0
-6,-15,-30,-0.00023378,1.997e-06,723,723,1.997e-06,0,0
-6,-15,-30,-0.00021599,1.9972e-06,724,724,1.9972e-06,0,0
-6,-15,-30,-0.00019838,1.9975e-06,725,725,1.9975e-06,0,0
-6,-15,-30,-0.00018093,1.9977e-06,726,726,1.9977e-06,0,0
-6,-15,-30,-0.00016366,1.9979e-06,727,727,1.9979e-06,0,0
-6,-15,-30,-0.00014656,1.9981e-06,728,728,1.9981e-06,0,0
-6,-15,-30,-0.00012963,1.9983e-06,729,729,1.9983e-06,0,0
-6,-15,-30,-0.00011286,1.9986e-06,730,730,1.9986e-06,0,0
-6,-15,-30,-9.6257e-05,1.9988e-06,731,731,1.9988e-06,0,0
-6,-15,-30,-7.9816e-05,1.999e-06,732,732,1.999e-06,0,0
-6,-15,-30,-6.3537e-05,1.9992e-06,733,733,1.9992e-06,0,0
-6,-15,-30,-4.7417e-05,1.9994e-06,734,734,1.9994e-06,0,0
-6,-15,-30,-3.1456e-05,1.9996e-06,735,735,1.9996e-06,0,0
-6,-15,-30,-1.565e-05,1.9998e-06,736,736,1.9998e-06,0,0
-6,-15,-30,0,2e-06,737,737,2e-06,0,0
