"Arp","em","mean_en","potential","x_node","GlobalNodeId","PedigreeNodeId","Points:0","Points:1","Points:2"
-15,-6,-30,-0.21,0,1,1,0,0,0
-15,-6,-30,-0.20997,4.0108e-10,2,2,4.0108e-10,0,0
-15,-6,-30,-0.20994,8.0603e-10,3,3,8.0603e-10,0,0
-15,-6,-30,-0.20991,1.2149e-09,4,4,1.2149e-09,0,0
-15,-6,-30,-0.20987,1.6277e-09,5,5,1.6277e-09,0,0
-15,-6,-30,-0.20984,2.0444e-09,6,6,2.0444e-09,0,0
-15,-6,-30,-0.20981,2.4652e-09,7,7,2.4652e-09,0,0
-15,-6,-30,-0.20977,2.89e-09,8,8,2.89e-09,0,0
-15,-6,-30,-0.20974,3.3189e-09,9,9,3.3189e-09,0,0
-15,-6,-30,-0.20971,3.7519e-09,10,10,3.7519e-09,0,0
-15,-6,-30,-0.20967,4.1891e-09,11,11,4.1891e-09,0,0
-15,-6,-30,-0.20964,4.6305e-09,12,12,4.6305e-09,0,0
-15,-6,-30,-0.2096,5.0762e-09,13,13,5.0762e-09,0,0
-15,-6,-30,-0.20957,5.5261e-09,14,14,5.5261e-09,0,0
-15,-6,-30,-0.20953,5.9804e-09,15,15,5.9804e-09,0,0
-15,-6,-30,-0.2095,6.4391e-09,16,16,6.4391e-09,0,0
-15,-6,-30,-0.20946,6.9021e-09,17,17,6.9021e-09,0,0
-15,-6,-30,-0.20942,7.3697e-09,18,18,7.3697e-09,0,0
-15,-6,-30,-0.20939,7.8417e-09,19,19,7.8417e-09,0,0
-15,-6,-30,-0.20935,8.3182e-09,20,20,8.3182e-09,0,0
-15,-6,-30,-0.20931,8.7994e-09,21,21,8.7994e-09,0,0
-15,-6,-30,-0.20927,9.2852e-09,22,22,9.2852e-09,0,0
-15,-6,-30,-0.20924,9.7757e-09,23,23,9.7757e-09,0,0
-15,-6,-30,-0.2092,1.0271e-08,24,24,1.0271e-08,0,0
-15,-6,-30,-0.20916,1.0771e-08,25,25,1.0771e-08,0,0
-15,-6,-30,-0.20912,1.1276e-08,26,26,1.1276e-08,0,0
-15,-6,-30,-0.20908,1.1785e-08,27,27,1.1785e-08,0,0
-15,-6,-30,-0.20904,1.23e-08,28,28,1.23e-08,0,0
-15,-6,-30,-0.209,1.2819e-08,29,29,1.2819e-08,0,0
-15,-6,-30,-0.20896,1.3344e-08,30,30,1.3344e-08,0,0
-15,-6,-30,-0.20891,1.3873e-08,31,31,1.3873e-08,0,0
-15,-6,-30,-0.20887,1.4408e-08,32,32,1.4408e-08,0,0
-15,-6,-30,-0.20883,1.4948e-08,33,33,1.4948e-08,0,0
-15,-6,-30,-0.20879,1.5493e-08,34,34,1.5493e-08,0,0
-15,-6,-30,-0.20874,1.6043e-08,35,35,1.6043e-08,0,0
-15,-6,-30,-0.2087,1.6598e-08,36,36,1.6598e-08,0,0
-15,-6,-30,-0.20866,1.7159e-08,37,37,1.7159e-08,0,0
-15,-6,-30,-0.20861,1.7725e-08,38,38,1.7725e-08,0,0
-15,-6,-30,-0.20857,1.8297e-08,39,39,1.8297e-08,0,0
-15,-6,-30,-0.20852,1.8874e-08,40,40,1.8874e-08,0,0
-15,-6,-30,-0.20848,1.9457e-08,41,41,1.9457e-08,0,0
-15,-6,-30,-0.20843,2.0045e-08,42,42,2.0045e-08,0,0
-15,-6,-30,-0.20838,2.064e-08,43,43,2.064e-08,0,0
-15,-6,-30,-0.20834,2.1239e-08,44,44,2.1239e-08,0,0
-15,-6,-30,-0.20829,2.1845e-08,45,45,2.1845e-08,0,0
-15,-6,-30,-0.20824,2.2456e-08,46,46,2.2456e-08,0,0
-15,-6,-30,-0.20819,2.3073e-08,47,47,2.3073e-08,0,0
-15,-6,-30,-0.20814,2.3697e-08,48,48,2.3697e-08,0,0
-15,-6,-30,-0.20809,2.4326e-08,49,49,2.4326e-08,0,0
-15,-6,-30,-0.20804,2.4961e-08,50,50,2.4961e-08,0,0
-15,-6,-30,-0.20799,2.5602e-08,51,51,2.5602e-08,0,0
-15,-6,-30,-0.20794,2.625e-08,52,52,2.625e-08,0,0
-15,-6,-30,-0.20789,2.6904e-08,53,53,2.6904e-08,0,0
-15,-6,-30,-0.20784,2.7564e-08,54,54,2.7564e-08,0,0
-15,-6,-30,-0.20779,2.823e-08,55,55,2.823e-08,0,0
-15,-6,-30,-0.20773,2.8903e-08,56,56,2.8903e-08,0,0
-15,-6,-30,-0.20768,2.9582e-08,57,57,2.9582e-08,0,0
-15,-6,-30,-0.20763,3.0268e-08,58,58,3.0268e-08,0,0
-15,-6,-30,-0.20757,3.0961e-08,59,59,3.0961e-08,0,0
-15,-6,-30,-0.20752,3.166e-08,60,60,3.166e-08,0,0
-15,-6,-30,-0.20746,3.2366e-08,61,61,3.2366e-08,0,0
-15,-6,-30,-0.2074,3.3078e-08,62,62,3.3078e-08,0,0
-15,-6,-30,-0.20735,3.3798e-08,63,63,3.3798e-08,0,0
-15,-6,-30,-0.20729,3.4524e-08,64,64,3.4524e-08,0,0
-15,-6,-30,-0.20723,3.5258e-08,65,65,3.5258e-08,0,0
-15,-6,-30,-0.20717,3.5998e-08,66,66,3.5998e-08,0,0
-15,-6,-30,-0.20711,3.6746e-08,67,67,3.6746e-08,0,0
-15,-6,-30,-0.20706,3.75e-08,68,68,3.75e-08,0,0
-15,-6,-30,-0.20699,3.8262e-08,69,69,3.8262e-08,0,0
-15,-6,-30,-0.20693,3.9032e-08,70,70,3.9032e-08,0,0
-15,-6,-30,-0.20687,3.9809e-08,71,71,3.9809e-08,0,0
-15,-6,-30,-0.20681,4.0593e-08,72,72,4.0593e-08,0,0
-15,-6,-30,-0.20675,4.1385e-08,73,73,4.1385e-08,0,0
-15,-6,-30,-0.20668,4.2184e-08,74,74,4.2184e-08,0,0
-15,-6,-30,-0.20662,4.2991e-08,75,75,4.2991e-08,0,0
-15,-6,-30,-0.20656,4.3806e-08,76,76,4.3806e-08,0,0
-15,-6,-30,-0.20649,4.4629e-08,77,77,4.4629e-08,0,0
-15,-6,-30,-0.20643,4.546e-08,78,78,4.546e-08,0,0
-15,-6,-30,-0.20636,4.6298e-08,79,79,4.6298e-08,0,0
-15,-6,-30,-0.20629,4.7145e-08,80,80,4.7145e-08,0,0
-15,-6,-30,-0.20622,4.8e-08,81,81,4.8e-08,0,0
-15,-6,-30,-0.20616,4.8863e-08,82,82,4.8863e-08,0,0
-15,-6,-30,-0.20609,4.9735e-08,83,83,4.9735e-08,0,0
-15,-6,-30,-0.20602,5.0615e-08,84,84,5.0615e-08,0,0
-15,-6,-30,-0.20595,5.1503e-08,85,85,5.1503e-08,0,0
-15,-6,-30,-0.20587,5.24e-08,86,86,5.24e-08,0,0
-15,-6,-30,-0.2058,5.3305e-08,87,87,5.3305e-08,0,0
-15,-6,-30,-0.20573,5.4219e-08,88,88,5.4219e-08,0,0
-15,-6,-30,-0.20566,5.5142e-08,89,89,5.5142e-08,0,0
-15,-6,-30,-0.20558,5.6074e-08,90,90,5.6074e-08,0,0
-15,-6,-30,-0.20551,5.7015e-08,91,91,5.7015e-08,0,0
-15,-6,-30,-0.20543,5.7965e-08,92,92,5.7965e-08,0,0
-15,-6,-30,-0.20536,5.8924e-08,93,93,5.8924e-08,0,0
-15,-6,-30,-0.20528,5.9892e-08,94,94,5.9892e-08,0,0
-15,-6,-30,-0.2052,6.087e-08,95,95,6.087e-08,0,0
-15,-6,-30,-0.20512,6.1857e-08,96,96,6.1857e-08,0,0
-15,-6,-30,-0.20504,6.2854e-08,97,97,6.2854e-08,0,0
-15,-6,-30,-0.20496,6.386e-08,98,98,6.386e-08,0,0
-15,-6,-30,-0.20488,6.4875e-08,99,99,6.4875e-08,0,0
-15,-6,-30,-0.2048,6.5901e-08,100,100,6.5901e-08,0,0
-15,-6,-30,-0.20472,6.6936e-08,101,101,6.6936e-08,0,0
-15,-6,-30,-0.20463,6.7982e-08,102,102,6.7982e-08,0,0
-15,-6,-30,-0.20455,6.9037e-08,103,103,6.9037e-08,0,0
-15,-6,-30,-0.20446,7.0103e-08,104,104,7.0103e-08,0,0
-15,-6,-30,-0.20438,7.1179e-08,105,105,7.1179e-08,0,0
-15,-6,-30,-0.20429,7.2265e-08,106,106,7.2265e-08,0,0
-15,-6,-30,-0.2042,7.3362e-08,107,107,7.3362e-08,0,0
-15,-6,-30,-0.20411,7.4469e-08,108,108,7.4469e-08,0,0
-15,-6,-30,-0.20403,7.5587e-08,109,109,7.5587e-08,0,0
-15,-6,-30,-0.20393,7.6716e-08,110,110,7.6716e-08,0,0
-15,-6,-30,-0.20384,7.7855e-08,111,111,7.7855e-08,0,0
-15,-6,-30,-0.20375,7.9006e-08,112,112,7.9006e-08,0,0
-15,-6,-30,-0.20366,8.0167e-08,113,113,8.0167e-08,0,0
-15,-6,-30,-0.20356,8.134e-08,114,114,8.134e-08,0,0
-15,-6,-30,-0.20347,8.2524e-08,115,115,8.2524e-08,0,0
-15,-6,-30,-0.20337,8.372e-08,116,116,8.372e-08,0,0
-15,-6,-30,-0.20328,8.4927e-08,117,117,8.4927e-08,0,0
-15,-6,-30,-0.20318,8.6145e-08,118,118,8.6145e-08,0,0
-15,-6,-30,-0.20308,8.7376e-08,119,119,8.7376e-08,0,0
-15,-6,-30,-0.20298,8.8618e-08,120,120,8.8618e-08,0,0
-15,-6,-30,-0.20288,8.9872e-08,121,121,8.9872e-08,0,0
-15,-6,-30,-0.20278,9.1138e-08,122,122,9.1138e-08,0,0
-15,-6,-30,-0.20267,9.2416e-08,123,123,9.2416e-08,0,0
-15,-6,-30,-0.20257,9.3707e-08,124,124,9.3707e-08,0,0
-15,-6,-30,-0.20247,9.501e-08,125,125,9.501e-08,0,0
-15,-6,-30,-0.20236,9.6326e-08,126,126,9.6326e-08,0,0
-15,-6,-30,-0.20225,9.7654e-08,127,127,9.7654e-08,0,0
-15,-6,-30,-0.20214,9.8995e-08,128,128,9.8995e-08,0,0
-15,-6,-30,-0.20203,1.0035e-07,129,129,1.0035e-07,0,0
-15,-6,-30,-0.20192,1.0172e-07,130,130,1.0172e-07,0,0
-15,-6,-30,-0.20181,1.031e-07,131,131,1.031e-07,0,0
-15,-6,-30,-0.2017,1.0449e-07,132,132,1.0449e-07,0,0
-15,-6,-30,-0.20159,1.059e-07,133,133,1.059e-07,0,0
-15,-6,-30,-0.20147,1.0732e-07,134,134,1.0732e-07,0,0
-15,-6,-30,-0.20136,1.0875e-07,135,135,1.0875e-07,0,0
-15,-6,-30,-0.20124,1.102e-07,136,136,1.102e-07,0,0
-15,-6,-30,-0.20112,1.1166e-07,137,137,1.1166e-07,0,0
-15,-6,-30,-0.201,1.1314e-07,138,138,1.1314e-07,0,0
-15,-6,-30,-0.20088,1.1463e-07,139,139,1.1463e-07,0,0
-15,-6,-30,-0.20076,1.1613e-07,140,140,1.1613e-07,0,0
-15,-6,-30,-0.20063,1.1765e-07,141,141,1.1765e-07,0,0
-15,-6,-30,-0.20051,1.1918e-07,142,142,1.1918e-07,0,0
-15,-6,-30,-0.20038,1.2073e-07,143,143,1.2073e-07,0,0
-15,-6,-30,-0.20026,1.223e-07,144,144,1.223e-07,0,0
-15,-6,-30,-0.20013,1.2387e-07,145,145,1.2387e-07,0,0
-15,-6,-30,-0.2,1.2547e-07,146,146,1.2547e-07,0,0
-15,-6,-30,-0.19987,1.2708e-07,147,147,1.2708e-07,0,0
-15,-6,-30,-0.19973,1.287e-07,148,148,1.287e-07,0,0
-15,-6,-30,-0.1996,1.3034e-07,149,149,1.3034e-07,0,0
-15,-6,-30,-0.19947,1.32e-07,150,150,1.32e-07,0,0
-15,-6,-30,-0.19933,1.3367e-07,151,151,1.3367e-07,0,0
-15,-6,-30,-0.19919,1.3536e-07,152,152,1.3536e-07,0,0
-15,-6,-30,-0.19905,1.3706e-07,153,153,1.3706e-07,0,0
-15,-6,-30,-0.19891,1.3878e-07,154,154,1.3878e-07,0,0
-15,-6,-30,-0.19877,1.4052e-07,155,155,1.4052e-07,0,0
-15,-6,-30,-0.19863,1.4227e-07,156,156,1.4227e-07,0,0
-15,-6,-30,-0.19848,1.4404e-07,157,157,1.4404e-07,0,0
-15,-6,-30,-0.19833,1.4583e-07,158,158,1.4583e-07,0,0
-15,-6,-30,-0.19819,1.4763e-07,159,159,1.4763e-07,0,0
-15,-6,-30,-0.19804,1.4946e-07,160,160,1.4946e-07,0,0
-15,-6,-30,-0.19789,1.513e-07,161,161,1.513e-07,0,0
-15,-6,-30,-0.19773,1.5315e-07,162,162,1.5315e-07,0,0
-15,-6,-30,-0.19758,1.5503e-07,163,163,1.5503e-07,0,0
-15,-6,-30,-0.19742,1.5692e-07,164,164,1.5692e-07,0,0
-15,-6,-30,-0.19727,1.5883e-07,165,165,1.5883e-07,0,0
-15,-6,-30,-0.19711,1.6076e-07,166,166,1.6076e-07,0,0
-15,-6,-30,-0.19695,1.6271e-07,167,167,1.6271e-07,0,0
-15,-6,-30,-0.19678,1.6468e-07,168,168,1.6468e-07,0,0
-15,-6,-30,-0.19662,1.6667e-07,169,169,1.6667e-07,0,0
-15,-6,-30,-0.19646,1.6867e-07,170,170,1.6867e-07,0,0
-15,-6,-30,-0.19629,1.707e-07,171,171,1.707e-07,0,0
-15,-6,-30,-0.19612,1.7274e-07,172,172,1.7274e-07,0,0
-15,-6,-30,-0.19595,1.748e-07,173,173,1.748e-07,0,0
-15,-6,-30,-0.19578,1.7689e-07,174,174,1.7689e-07,0,0
-15,-6,-30,-0.1956,1.7899e-07,175,175,1.7899e-07,0,0
-15,-6,-30,-0.19543,1.8112e-07,176,176,1.8112e-07,0,0
-15,-6,-30,-0.19525,1.8326e-07,177,177,1.8326e-07,0,0
-15,-6,-30,-0.19507,1.8543e-07,178,178,1.8543e-07,0,0
-15,-6,-30,-0.19489,1.8761e-07,179,179,1.8761e-07,0,0
-15,-6,-30,-0.1947,1.8982e-07,180,180,1.8982e-07,0,0
-15,-6,-30,-0.19452,1.9205e-07,181,181,1.9205e-07,0,0
-15,-6,-30,-0.19433,1.943e-07,182,182,1.943e-07,0,0
-15,-6,-30,-0.19414,1.9657e-07,183,183,1.9657e-07,0,0
-15,-6,-30,-0.19395,1.9886e-07,184,184,1.9886e-07,0,0
-15,-6,-30,-0.19376,2.0118e-07,185,185,2.0118e-07,0,0
-15,-6,-30,-0.19356,2.0351e-07,186,186,2.0351e-07,0,0
-15,-6,-30,-0.19336,2.0588e-07,187,187,2.0588e-07,0,0
-15,-6,-30,-0.19317,2.0826e-07,188,188,2.0826e-07,0,0
-15,-6,-30,-0.19296,2.1066e-07,189,189,2.1066e-07,0,0
-15,-6,-30,-0.19276,2.1309e-07,190,190,2.1309e-07,0,0
-15,-6,-30,-0.19256,2.1554e-07,191,191,2.1554e-07,0,0
-15,-6,-30,-0.19235,2.1802e-07,192,192,2.1802e-07,0,0
-15,-6,-30,-0.19214,2.2052e-07,193,193,2.2052e-07,0,0
-15,-6,-30,-0.19193,2.2304e-07,194,194,2.2304e-07,0,0
-15,-6,-30,-0.19171,2.2559e-07,195,195,2.2559e-07,0,0
-15,-6,-30,-0.1915,2.2817e-07,196,196,2.2817e-07,0,0
-15,-6,-30,-0.19128,2.3076e-07,197,197,2.3076e-07,0,0
-15,-6,-30,-0.19106,2.3339e-07,198,198,2.3339e-07,0,0
-15,-6,-30,-0.19083,2.3603e-07,199,199,2.3603e-07,0,0
-15,-6,-30,-0.19061,2.3871e-07,200,200,2.3871e-07,0,0
-15,-6,-30,-0.19038,2.414e-07,201,201,2.414e-07,0,0
-15,-6,-30,-0.19015,2.4413e-07,202,202,2.4413e-07,0,0
-15,-6,-30,-0.18991,2.4688e-07,203,203,2.4688e-07,0,0
-15,-6,-30,-0.18968,2.4966e-07,204,204,2.4966e-07,0,0
-15,-6,-30,-0.18944,2.5246e-07,205,205,2.5246e-07,0,0
-15,-6,-30,-0.1892,2.5529e-07,206,206,2.5529e-07,0,0
-15,-6,-30,-0.18896,2.5815e-07,207,207,2.5815e-07,0,0
-15,-6,-30,-0.18871,2.6104e-07,208,208,2.6104e-07,0,0
-15,-6,-30,-0.18847,2.6395e-07,209,209,2.6395e-07,0,0
-15,-6,-30,-0.18821,2.6689e-07,210,210,2.6689e-07,0,0
-15,-6,-30,-0.18796,2.6986e-07,211,211,2.6986e-07,0,0
-15,-6,-30,-0.18771,2.7286e-07,212,212,2.7286e-07,0,0
-15,-6,-30,-0.18745,2.7589e-07,213,213,2.7589e-07,0,0
-15,-6,-30,-0.18719,2.7895e-07,214,214,2.7895e-07,0,0
-15,-6,-30,-0.18692,2.8203e-07,215,215,2.8203e-07,0,0
-15,-6,-30,-0.18665,2.8515e-07,216,216,2.8515e-07,0,0
-15,-6,-30,-0.18638,2.883e-07,217,217,2.883e-07,0,0
-15,-6,-30,-0.18611,2.9147e-07,218,218,2.9147e-07,0,0
-15,-6,-30,-0.18584,2.9468e-07,219,219,2.9468e-07,0,0
-15,-6,-30,-0.18556,2.9792e-07,220,220,2.9792e-07,0,0
-15,-6,-30,-0.18528,3.0119e-07,221,221,3.0119e-07,0,0
-15,-6,-30,-0.18499,3.0449e-07,222,222,3.0449e-07,0,0
-15,-6,-30,-0.1847,3.0782e-07,223,223,3.0782e-07,0,0
-15,-6,-30,-0.18441,3.1118e-07,224,224,3.1118e-07,0,0
-15,-6,-30,-0.18412,3.1458e-07,225,225,3.1458e-07,0,0
-15,-6,-30,-0.18382,3.1801e-07,226,226,3.1801e-07,0,0
-15,-6,-30,-0.18352,3.2147e-07,227,227,3.2147e-07,0,0
-15,-6,-30,-0.18322,3.2497e-07,228,228,3.2497e-07,0,0
-15,-6,-30,-0.18291,3.2849e-07,229,229,3.2849e-07,0,0
-15,-6,-30,-0.1826,3.3206e-07,230,230,3.3206e-07,0,0
-15,-6,-30,-0.18229,3.3566e-07,231,231,3.3566e-07,0,0
-15,-6,-30,-0.18197,3.3929e-07,232,232,3.3929e-07,0,0
-15,-6,-30,-0.18165,3.4295e-07,233,233,3.4295e-07,0,0
-15,-6,-30,-0.18133,3.4666e-07,234,234,3.4666e-07,0,0
-15,-6,-30,-0.181,3.5039e-07,235,235,3.5039e-07,0,0
-15,-6,-30,-0.18067,3.5417e-07,236,236,3.5417e-07,0,0
-15,-6,-30,-0.18034,3.5798e-07,237,237,3.5798e-07,0,0
-15,-6,-30,-0.18,3.6183e-07,238,238,3.6183e-07,0,0
-15,-6,-30,-0.17966,3.6571e-07,239,239,3.6571e-07,0,0
-15,-6,-30,-0.17932,3.6963e-07,240,240,3.6963e-07,0,0
-15,-6,-30,-0.17897,3.7359e-07,241,241,3.7359e-07,0,0
-15,-6,-30,-0.17862,3.7759e-07,242,242,3.7759e-07,0,0
-15,-6,-30,-0.17826,3.8162e-07,243,243,3.8162e-07,0,0
-15,-6,-30,-0.1779,3.857e-07,244,244,3.857e-07,0,0
-15,-6,-30,-0.17754,3.8981e-07,245,245,3.8981e-07,0,0
-15,-6,-30,-0.17717,3.9397e-07,246,246,3.9397e-07,0,0
-15,-6,-30,-0.1768,3.9816e-07,247,247,3.9816e-07,0,0
-15,-6,-30,-0.17642,4.0239e-07,248,248,4.0239e-07,0,0
-15,-6,-30,-0.17604,4.0667e-07,249,249,4.0667e-07,0,0
-15,-6,-30,-0.17565,4.1098e-07,250,250,4.1098e-07,0,0
-15,-6,-30,-0.17527,4.1534e-07,251,251,4.1534e-07,0,0
-15,-6,-30,-0.17487,4.1974e-07,252,252,4.1974e-07,0,0
-15,-6,-30,-0.17448,4.2418e-07,253,253,4.2418e-07,0,0
-15,-6,-30,-0.17407,4.2867e-07,254,254,4.2867e-07,0,0
-15,-6,-30,-0.17367,4.3319e-07,255,255,4.3319e-07,0,0
-15,-6,-30,-0.17326,4.3776e-07,256,256,4.3776e-07,0,0
-15,-6,-30,-0.17284,4.4238e-07,257,257,4.4238e-07,0,0
-15,-6,-30,-0.17242,4.4704e-07,258,258,4.4704e-07,0,0
-15,-6,-30,-0.172,4.5174e-07,259,259,4.5174e-07,0,0
-15,-6,-30,-0.17157,4.5649e-07,260,260,4.5649e-07,0,0
-15,-6,-30,-0.17114,4.6129e-07,261,261,4.6129e-07,0,0
-15,-6,-30,-0.1707,4.6613e-07,262,262,4.6613e-07,0,0
-15,-6,-30,-0.17026,4.7102e-07,263,263,4.7102e-07,0,0
-15,-6,-30,-0.16981,4.7595e-07,264,264,4.7595e-07,0,0
-15,-6,-30,-0.16936,4.8093e-07,265,265,4.8093e-07,0,0
-15,-6,-30,-0.1689,4.8596e-07,266,266,4.8596e-07,0,0
-15,-6,-30,-0.16843,4.9104e-07,267,267,4.9104e-07,0,0
-15,-6,-30,-0.16797,4.9617e-07,268,268,4.9617e-07,0,0
-15,-6,-30,-0.16749,5.0135e-07,269,269,5.0135e-07,0,0
-15,-6,-30,-0.16701,5.0658e-07,270,270,5.0658e-07,0,0
-15,-6,-30,-0.16653,5.1185e-07,271,271,5.1185e-07,0,0
-15,-6,-30,-0.16604,5.1718e-07,272,272,5.1718e-07,0,0
-15,-6,-30,-0.16554,5.2256e-07,273,273,5.2256e-07,0,0
-15,-6,-30,-0.16504,5.2799e-07,274,274,5.2799e-07,0,0
-15,-6,-30,-0.16454,5.3348e-07,275,275,5.3348e-07,0,0
-15,-6,-30,-0.16402,5.3901e-07,276,276,5.3901e-07,0,0
-15,-6,-30,-0.16351,5.446e-07,277,277,5.446e-07,0,0
-15,-6,-30,-0.16298,5.5025e-07,278,278,5.5025e-07,0,0
-15,-6,-30,-0.16245,5.5594e-07,279,279,5.5594e-07,0,0
-15,-6,-30,-0.16192,5.617e-07,280,280,5.617e-07,0,0
-15,-6,-30,-0.16138,5.675e-07,281,281,5.675e-07,0,0
-15,-6,-30,-0.16083,5.7337e-07,282,282,5.7337e-07,0,0
-15,-6,-30,-0.16027,5.7929e-07,283,283,5.7929e-07,0,0
-15,-6,-30,-0.15971,5.8527e-07,284,284,5.8527e-07,0,0
-15,-6,-30,-0.15915,5.913e-07,285,285,5.913e-07,0,0
-15,-6,-30,-0.15857,5.9739e-07,286,286,5.9739e-07,0,0
-15,-6,-30,-0.158,6.0354e-07,287,287,6.0354e-07,0,0
-15,-6,-30,-0.15741,6.0976e-07,288,288,6.0976e-07,0,0
-15,-6,-30,-0.15682,6.1603e-07,289,289,6.1603e-07,0,0
-15,-6,-30,-0.15622,6.2236e-07,290,290,6.2236e-07,0,0
-15,-6,-30,-0.15561,6.2875e-07,291,291,6.2875e-07,0,0
-15,-6,-30,-0.155,6.352e-07,292,292,6.352e-07,0,0
-15,-6,-30,-0.15438,6.4172e-07,293,293,6.4172e-07,0,0
-15,-6,-30,-0.15375,6.483e-07,294,294,6.483e-07,0,0
-15,-6,-30,-0.15311,6.5494e-07,295,295,6.5494e-07,0,0
-15,-6,-30,-0.15247,6.6164e-07,296,296,6.6164e-07,0,0
-15,-6,-30,-0.15182,6.6841e-07,297,297,6.6841e-07,0,0
-15,-6,-30,-0.15116,6.7525e-07,298,298,6.7525e-07,0,0
-15,-6,-30,-0.1505,6.8215e-07,299,299,6.8215e-07,0,0
-15,-6,-30,-0.14983,6.8912e-07,300,300,6.8912e-07,0,0
-15,-6,-30,-0.14915,6.9615e-07,301,301,6.9615e-07,0,0
-15,-6,-30,-0.14846,7.0325e-07,302,302,7.0325e-07,0,0
-15,-6,-30,-0.14776,7.1042e-07,303,303,7.1042e-07,0,0
-15,-6,-30,-0.14706,7.1766e-07,304,304,7.1766e-07,0,0
-15,-6,-30,-0.14634,7.2497e-07,305,305,7.2497e-07,0,0
-15,-6,-30,-0.14562,7.3235e-07,306,306,7.3235e-07,0,0
-15,-6,-30,-0.14489,7.398e-07,307,307,7.398e-07,0,0
-15,-6,-30,-0.14416,7.4733e-07,308,308,7.4733e-07,0,0
-15,-6,-30,-0.14341,7.5492e-07,309,309,7.5492e-07,0,0
-15,-6,-30,-0.14266,7.6259e-07,310,310,7.6259e-07,0,0
-15,-6,-30,-0.14189,7.7033e-07,311,311,7.7033e-07,0,0
-15,-6,-30,-0.14112,7.7815e-07,312,312,7.7815e-07,0,0
-15,-6,-30,-0.14034,7.8604e-07,313,313,7.8604e-07,0,0
-15,-6,-30,-0.13954,7.9401e-07,314,314,7.9401e-07,0,0
-15,-6,-30,-0.13874,8.0205e-07,315,315,8.0205e-07,0,0
-15,-6,-30,-0.13793,8.1017e-07,316,316,8.1017e-07,0,0
-15,-6,-30,-0.13711,8.1837e-07,317,317,8.1837e-07,0,0
-15,-6,-30,-0.13628,8.2665e-07,318,318,8.2665e-07,0,0
-15,-6,-30,-0.13544,8.3501e-07,319,319,8.3501e-07,0,0
-15,-6,-30,-0.13459,8.4345e-07,320,320,8.4345e-07,0,0
-15,-6,-30,-0.13373,8.5197e-07,321,321,8.5197e-07,0,0
-15,-6,-30,-0.13287,8.6057e-07,322,322,8.6057e-07,0,0
-15,-6,-30,-0.13198,8.6926e-07,323,323,8.6926e-07,0,0
-15,-6,-30,-0.13109,8.7802e-07,324,324,8.7802e-07,0,0
-15,-6,-30,-0.13019,8.8688e-07,325,325,8.8688e-07,0,0
-15,-6,-30,-0.12928,8.9582e-07,326,326,8.9582e-07,0,0
-15,-6,-30,-0.12836,9.0484e-07,327,327,9.0484e-07,0,0
-15,-6,-30,-0.12742,9.1395e-07,328,328,9.1395e-07,0,0
-15,-6,-30,-0.12648,9.2315e-07,329,329,9.2315e-07,0,0
-15,-6,-30,-0.12552,9.3244e-07,330,330,9.3244e-07,0,0
-15,-6,-30,-0.12455,9.4181e-07,331,331,9.4181e-07,0,0
-15,-6,-30,-0.12357,9.5128e-07,332,332,9.5128e-07,0,0
-15,-6,-30,-0.12258,9.6084e-07,333,333,9.6084e-07,0,0
-15,-6,-30,-0.12157,9.7049e-07,334,334,9.7049e-07,0,0
-15,-6,-30,-0.12056,9.8023e-07,335,335,9.8023e-07,0,0
-15,-6,-30,-0.11953,9.9007e-07,336,336,9.9007e-07,0,0
-15,-6,-30,-0.11849,1e-06,337,337,1e-06,0,0
-15,-6,-30,-0.11744,1.0099e-06,338,338,1.0099e-06,0,0
-15,-6,-30,-0.11641,1.0198e-06,339,339,1.0198e-06,0,0
-15,-6,-30,-0.11538,1.0295e-06,340,340,1.0295e-06,0,0
-15,-6,-30,-0.11436,1.0391e-06,341,341,1.0391e-06,0,0
-15,-6,-30,-0.11334,1.0487e-06,342,342,1.0487e-06,0,0
-15,-6,-30,-0.11234,1.0582e-06,343,343,1.0582e-06,0,0
-15,-6,-30,-0.11134,1.0675e-06,344,344,1.0675e-06,0,0
-15,-6,-30,-0.11034,1.0768e-06,345,345,1.0768e-06,0,0
-15,-6,-30,-0.10936,1.086e-06,346,346,1.086e-06,0,0
-15,-6,-30,-0.10838,1.0951e-06,347,347,1.0951e-06,0,0
-15,-6,-30,-0.10741,1.1041e-06,348,348,1.1041e-06,0,0
-15,-6,-30,-0.10645,1.113e-06,349,349,1.113e-06,0,0
-15,-6,-30,-0.1055,1.1218e-06,350,350,1.1218e-06,0,0
-15,-6,-30,-0.10455,1.1306e-06,351,351,1.1306e-06,0,0
-15,-6,-30,-0.10361,1.1392e-06,352,352,1.1392e-06,0,0
-15,-6,-30,-0.10267,1.1478e-06,353,353,1.1478e-06,0,0
-15,-6,-30,-0.10175,1.1563e-06,354,354,1.1563e-06,0,0
-15,-6,-30,-0.10083,1.1647e-06,355,355,1.1647e-06,0,0
-15,-6,-30,-0.099914,1.173e-06,356,356,1.173e-06,0,0
-15,-6,-30,-0.099009,1.1813e-06,357,357,1.1813e-06,0,0
-15,-6,-30,-0.098111,1.1895e-06,358,358,1.1895e-06,0,0
-15,-6,-30,-0.097219,1.1975e-06,359,359,1.1975e-06,0,0
-15,-6,-30,-0.096335,1.2055e-06,360,360,1.2055e-06,0,0
-15,-6,-30,-0.095457,1.2135e-06,361,361,1.2135e-06,0,0
-15,-6,-30,-0.094587,1.2213e-06,362,362,1.2213e-06,0,0
-15,-6,-30,-0.093723,1.2291e-06,363,363,1.2291e-06,0,0
-15,-6,-30,-0.092866,1.2368e-06,364,364,1.2368e-06,0,0
-15,-6,-30,-0.092016,1.2444e-06,365,365,1.2444e-06,0,0
-15,-6,-30,-0.091172,1.252e-06,366,366,1.252e-06,0,0
-15,-6,-30,-0.090335,1.2595e-06,367,367,1.2595e-06,0,0
-15,-6,-30,-0.089505,1.2669e-06,368,368,1.2669e-06,0,0
-15,-6,-30,-0.088681,1.2742e-06,369,369,1.2742e-06,0,0
-15,-6,-30,-0.087865,1.2815e-06,370,370,1.2815e-06,0,0
-15,-6,-30,-0.087054,1.2887e-06,371,371,1.2887e-06,0,0
-15,-6,-30,-0.08625,1.2958e-06,372,372,1.2958e-06,0,0
-15,-6,-30,-0.085453,1.3028e-06,373,373,1.3028e-06,0,0
-15,-6,-30,-0.084662,1.3098e-06,374,374,1.3098e-06,0,0
-15,-6,-30,-0.083877,1.3167e-06,375,375,1.3167e-06,0,0
-15,-6,-30,-0.083099,1.3236e-06,376,376,1.3236e-06,0,0
-15,-6,-30,-0.082327,1.3304e-06,377,377,1.3304e-06,0,0
-15,-6,-30,-0.081561,1.3371e-06,378,378,1.3371e-06,0,0
-15,-6,-30,-0.080802,1.3437e-06,379,379,1.3437e-06,0,0
-15,-6,-30,-0.080049,1.3503e-06,380,380,1.3503e-06,0,0
-15,-6,-30,-0.079302,1.3568e-06,381,381,1.3568e-06,0,0
-15,-6,-30,-0.078561,1.3633e-06,382,382,1.3633e-06,0,0
-15,-6,-30,-0.077826,1.3697e-06,383,383,1.3697e-06,0,0
-15,-6,-30,-0.077098,1.376e-06,384,384,1.376e-06,0,0
-15,-6,-30,-0.076375,1.3823e-06,385,385,1.3823e-06,0,0
-15,-6,-30,-0.075658,1.3885e-06,386,386,1.3885e-06,0,0
-15,-6,-30,-0.074948,1.3947e-06,387,387,1.3947e-06,0,0
-15,-6,-30,-0.074243,1.4007e-06,388,388,1.4007e-06,0,0
-15,-6,-30,-0.073544,1.4068e-06,389,389,1.4068e-06,0,0
-15,-6,-30,-0.072851,1.4127e-06,390,390,1.4127e-06,0,0
-15,-6,-30,-0.072164,1.4187e-06,391,391,1.4187e-06,0,0
-15,-6,-30,-0.071482,1.4245e-06,392,392,1.4245e-06,0,0
-15,-6,-30,-0.070806,1.4303e-06,393,393,1.4303e-06,0,0
-15,-6,-30,-0.070136,1.4361e-06,394,394,1.4361e-06,0,0
-15,-6,-30,-0.069472,1.4417e-06,395,395,1.4417e-06,0,0
-15,-6,-30,-0.068813,1.4474e-06,396,396,1.4474e-06,0,0
-15,-6,-30,-0.06816,1.453e-06,397,397,1.453e-06,0,0
-15,-6,-30,-0.067512,1.4585e-06,398,398,1.4585e-06,0,0
-15,-6,-30,-0.06687,1.4639e-06,399,399,1.4639e-06,0,0
-15,-6,-30,-0.066233,1.4694e-06,400,400,1.4694e-06,0,0
-15,-6,-30,-0.065601,1.4747e-06,401,401,1.4747e-06,0,0
-15,-6,-30,-0.064975,1.48e-06,402,402,1.48e-06,0,0
-15,-6,-30,-0.064355,1.4853e-06,403,403,1.4853e-06,0,0
-15,-6,-30,-0.063739,1.4905e-06,404,404,1.4905e-06,0,0
-15,-6,-30,-0.063129,1.4957e-06,405,405,1.4957e-06,0,0
-15,-6,-30,-0.062524,1.5008e-06,406,406,1.5008e-06,0,0
-15,-6,-30,-0.061925,1.5058e-06,407,407,1.5058e-06,0,0
-15,-6,-30,-0.06133,1.5108e-06,408,408,1.5108e-06,0,0
-15,-6,-30,-0.060741,1.5158e-06,409,409,1.5158e-06,0,0
-15,-6,-30,-0.060156,1.5207e-06,410,410,1.5207e-06,0,0
-15,-6,-30,-0.059577,1.5256e-06,411,411,1.5256e-06,0,0
-15,-6,-30,-0.059003,1.5304e-06,412,412,1.5304e-06,0,0
-15,-6,-30,-0.058434,1.5352e-06,413,413,1.5352e-06,0,0
-15,-6,-30,-0.057869,1.5399e-06,414,414,1.5399e-06,0,0
-15,-6,-30,-0.05731,1.5446e-06,415,415,1.5446e-06,0,0
-15,-6,-30,-0.056755,1.5492e-06,416,416,1.5492e-06,0,0
-15,-6,-30,-0.056205,1.5538e-06,417,417,1.5538e-06,0,0
-15,-6,-30,-0.05566,1.5583e-06,418,418,1.5583e-06,0,0
-15,-6,-30,-0.05512,1.5628e-06,419,419,1.5628e-06,0,0
-15,-6,-30,-0.054585,1.5673e-06,420,420,1.5673e-06,0,0
-15,-6,-30,-0.054054,1.5717e-06,421,421,1.5717e-06,0,0
-15,-6,-30,-0.053528,1.576e-06,422,422,1.576e-06,0,0
-15,-6,-30,-0.053006,1.5804e-06,423,423,1.5804e-06,0,0
-15,-6,-30,-0.052489,1.5846e-06,424,424,1.5846e-06,0,0
-15,-6,-30,-0.051977,1.5889e-06,425,425,1.5889e-06,0,0
-15,-6,-30,-0.051469,1.5931e-06,426,426,1.5931e-06,0,0
-15,-6,-30,-0.050965,1.5972e-06,427,427,1.5972e-06,0,0
-15,-6,-30,-0.050466,1.6014e-06,428,428,1.6014e-06,0,0
-15,-6,-30,-0.049972,1.6054e-06,429,429,1.6054e-06,0,0
-15,-6,-30,-0.049481,1.6095e-06,430,430,1.6095e-06,0,0
-15,-6,-30,-0.048996,1.6135e-06,431,431,1.6135e-06,0,0
-15,-6,-30,-0.048514,1.6174e-06,432,432,1.6174e-06,0,0
-15,-6,-30,-0.048037,1.6214e-06,433,433,1.6214e-06,0,0
-15,-6,-30,-0.047564,1.6252e-06,434,434,1.6252e-06,0,0
-15,-6,-30,-0.047095,1.6291e-06,435,435,1.6291e-06,0,0
-15,-6,-30,-0.04663,1.6329e-06,436,436,1.6329e-06,0,0
-15,-6,-30,-0.046169,1.6367e-06,437,437,1.6367e-06,0,0
-15,-6,-30,-0.045713,1.6404e-06,438,438,1.6404e-06,0,0
-15,-6,-30,-0.045261,1.6441e-06,439,439,1.6441e-06,0,0
-15,-6,-30,-0.044812,1.6478e-06,440,440,1.6478e-06,0,0
-15,-6,-30,-0.044368,1.6514e-06,441,441,1.6514e-06,0,0
-15,-6,-30,-0.043928,1.655e-06,442,442,1.655e-06,0,0
-15,-6,-30,-0.043491,1.6585e-06,443,443,1.6585e-06,0,0
-15,-6,-30,-0.043059,1.6621e-06,444,444,1.6621e-06,0,0
-15,-6,-30,-0.04263,1.6656e-06,445,445,1.6656e-06,0,0
-15,-6,-30,-0.042205,1.669e-06,446,446,1.669e-06,0,0
-15,-6,-30,-0.041784,1.6724e-06,447,447,1.6724e-06,0,0
-15,-6,-30,-0.041367,1.6758e-06,448,448,1.6758e-06,0,0
-15,-6,-30,-0.040954,1.6792e-06,449,449,1.6792e-06,0,0
-15,-6,-30,-0.040544,1.6825e-06,450,450,1.6825e-06,0,0
-15,-6,-30,-0.040138,1.6858e-06,451,451,1.6858e-06,0,0
-15,-6,-30,-0.039735,1.689e-06,452,452,1.689e-06,0,0
-15,-6,-30,-0.039337,1.6923e-06,453,453,1.6923e-06,0,0
-15,-6,-30,-0.038942,1.6955e-06,454,454,1.6955e-06,0,0
-15,-6,-30,-0.03855,1.6986e-06,455,455,1.6986e-06,0,0
-15,-6,-30,-0.038162,1.7017e-06,456,456,1.7017e-06,0,0
-15,-6,-30,-0.037778,1.7048e-06,457,457,1.7048e-06,0,0
-15,-6,-30,-0.037397,1.7079e-06,458,458,1.7079e-06,0,0
-15,-6,-30,-0.037019,1.711e-06,459,459,1.711e-06,0,0
-15,-6,-30,-0.036645,1.714e-06,460,460,1.714e-06,0,0
-15,-6,-30,-0.036274,1.717e-06,461,461,1.717e-06,0,0
-15,-6,-30,-0.035907,1.7199e-06,462,462,1.7199e-06,0,0
-15,-6,-30,-0.035543,1.7228e-06,463,463,1.7228e-06,0,0
-15,-6,-30,-0.035182,1.7257e-06,464,464,1.7257e-06,0,0
-15,-6,-30,-0.034825,1.7286e-06,465,465,1.7286e-06,0,0
-15,-6,-30,-0.034471,1.7314e-06,466,466,1.7314e-06,0,0
-15,-6,-30,-0.03412,1.7342e-06,467,467,1.7342e-06,0,0
-15,-6,-30,-0.033772,1.737e-06,468,468,1.737e-06,0,0
-15,-6,-30,-0.033428,1.7398e-06,469,469,1.7398e-06,0,0
-15,-6,-30,-0.033086,1.7425e-06,470,470,1.7425e-06,0,0
-15,-6,-30,-0.032748,1.7452e-06,471,471,1.7452e-06,0,0
-15,-6,-30,-0.032413,1.7479e-06,472,472,1.7479e-06,0,0
-15,-6,-30,-0.032081,1.7506e-06,473,473,1.7506e-06,0,0
-15,-6,-30,-0.031752,1.7532e-06,474,474,1.7532e-06,0,0
-15,-6,-30,-0.031426,1.7558e-06,475,475,1.7558e-06,0,0
-15,-6,-30,-0.031103,1.7584e-06,476,476,1.7584e-06,0,0
-15,-6,-30,-0.030783,1.7609e-06,477,477,1.7609e-06,0,0
-15,-6,-30,-0.030466,1.7634e-06,478,478,1.7634e-06,0,0
-15,-6,-30,-0.030152,1.7659e-06,479,479,1.7659e-06,0,0
-15,-6,-30,-0.02984,1.7684e-06,480,480,1.7684e-06,0,0
-15,-6,-30,-0.029532,1.7709e-06,481,481,1.7709e-06,0,0
-15,-6,-30,-0.029226,1.7733e-06,482,482,1.7733e-06,0,0
-15,-6,-30,-0.028923,1.7757e-06,483,483,1.7757e-06,0,0
-15,-6,-30,-0.028623,1.7781e-06,484,484,1.7781e-06,0,0
-15,-6,-30,-0.028326,1.7804e-06,485,485,1.7804e-06,0,0
-15,-6,-30,-0.028032,1.7828e-06,486,486,1.7828e-06,0,0
-15,-6,-30,-0.02774,1.7851e-06,487,487,1.7851e-06,0,0
-15,-6,-30,-0.027451,1.7874e-06,488,488,1.7874e-06,0,0
-15,-6,-30,-0.027165,1.7896e-06,489,489,1.7896e-06,0,0
-15,-6,-30,-0.026881,1.7919e-06,490,490,1.7919e-06,0,0
-15,-6,-30,-0.0266,1.7941e-06,491,491,1.7941e-06,0,0
-15,-6,-30,-0.026321,1.7963e-06,492,492,1.7963e-06,0,0
-15,-6,-30,-0.026045,1.7985e-06,493,493,1.7985e-06,0,0
-15,-6,-30,-0.025772,1.8007e-06,494,494,1.8007e-06,0,0
-15,-6,-30,-0.025501,1.8028e-06,495,495,1.8028e-06,0,0
-15,-6,-30,-0.025233,1.8049e-06,496,496,1.8049e-06,0,0
-15,-6,-30,-0.024967,1.807e-06,497,497,1.807e-06,0,0
-15,-6,-30,-0.024704,1.8091e-06,498,498,1.8091e-06,0,0
-15,-6,-30,-0.024443,1.8111e-06,499,499,1.8111e-06,0,0
-15,-6,-30,-0.024184,1.8132e-06,500,500,1.8132e-06,0,0
-15,-6,-30,-0.023928,1.8152e-06,501,501,1.8152e-06,0,0
-15,-6,-30,-0.023675,1.8172e-06,502,502,1.8172e-06,0,0
-15,-6,-30,-0.023423,1.8192e-06,503,503,1.8192e-06,0,0
-15,-6,-30,-0.023174,1.8211e-06,504,504,1.8211e-06,0,0
-15,-6,-30,-0.022928,1.8231e-06,505,505,1.8231e-06,0,0
-15,-6,-30,-0.022683,1.825e-06,506,506,1.825e-06,0,0
-15,-6,-30,-0.022441,1.8269e-06,507,507,1.8269e-06,0,0
-15,-6,-30,-0.022202,1.8288e-06,508,508,1.8288e-06,0,0
-15,-6,-30,-0.021964,1.8306e-06,509,509,1.8306e-06,0,0
-15,-6,-30,-0.021729,1.8325e-06,510,510,1.8325e-06,0,0
-15,-6,-30,-0.021495,1.8343e-06,511,511,1.8343e-06,0,0
-15,-6,-30,-0.021265,1.8361e-06,512,512,1.8361e-06,0,0
-15,-6,-30,-0.021036,1.8379e-06,513,513,1.8379e-06,0,0
-15,-6,-30,-0.020809,1.8397e-06,514,514,1.8397e-06,0,0
-15,-6,-30,-0.020584,1.8415e-06,515,515,1.8415e-06,0,0
-15,-6,-30,-0.020362,1.8432e-06,516,516,1.8432e-06,0,0
-15,-6,-30,-0.020142,1.8449e-06,517,517,1.8449e-06,0,0
-15,-6,-30,-0.019923,1.8466e-06,518,518,1.8466e-06,0,0
-15,-6,-30,-0.019707,1.8483e-06,519,519,1.8483e-06,0,0
-15,-6,-30,-0.019493,1.85e-06,520,520,1.85e-06,0,0
-15,-6,-30,-0.019281,1.8517e-06,521,521,1.8517e-06,0,0
-15,-6,-30,-0.019071,1.8533e-06,522,522,1.8533e-06,0,0
-15,-6,-30,-0.018862,1.8549e-06,523,523,1.8549e-06,0,0
-15,-6,-30,-0.018656,1.8565e-06,524,524,1.8565e-06,0,0
-15,-6,-30,-0.018452,1.8581e-06,525,525,1.8581e-06,0,0
-15,-6,-30,-0.018249,1.8597e-06,526,526,1.8597e-06,0,0
-15,-6,-30,-0.018049,1.8613e-06,527,527,1.8613e-06,0,0
-15,-6,-30,-0.01785,1.8628e-06,528,528,1.8628e-06,0,0
-15,-6,-30,-0.017653,1.8644e-06,529,529,1.8644e-06,0,0
-15,-6,-30,-0.017458,1.8659e-06,530,530,1.8659e-06,0,0
-15,-6,-30,-0.017265,1.8674e-06,531,531,1.8674e-06,0,0
-15,-6,-30,-0.017074,1.8689e-06,532,532,1.8689e-06,0,0
-15,-6,-30,-0.016885,1.8703e-06,533,533,1.8703e-06,0,0
-15,-6,-30,-0.016697,1.8718e-06,534,534,1.8718e-06,0,0
-15,-6,-30,-0.016511,1.8733e-06,535,535,1.8733e-06,0,0
-15,-6,-30,-0.016327,1.8747e-06,536,536,1.8747e-06,0,0
-15,-6,-30,-0.016145,1.8761e-06,537,537,1.8761e-06,0,0
-15,-6,-30,-0.015964,1.8775e-06,538,538,1.8775e-06,0,0
-15,-6,-30,-0.015785,1.8789e-06,539,539,1.8789e-06,0,0
-15,-6,-30,-0.015608,1.8803e-06,540,540,1.8803e-06,0,0
-15,-6,-30,-0.015432,1.8816e-06,541,541,1.8816e-06,0,0
-15,-6,-30,-0.015258,1.883e-06,542,542,1.883e-06,0,0
-15,-6,-30,-0.015086,1.8843e-06,543,543,1.8843e-06,0,0
-15,-6,-30,-0.014915,1.8856e-06,544,544,1.8856e-06,0,0
-15,-6,-30,-0.014746,1.887e-06,545,545,1.887e-06,0,0
-15,-6,-30,-0.014578,1.8883e-06,546,546,1.8883e-06,0,0
-15,-6,-30,-0.014413,1.8895e-06,547,547,1.8895e-06,0,0
-15,-6,-30,-0.014248,1.8908e-06,548,548,1.8908e-06,0,0
-15,-6,-30,-0.014086,1.8921e-06,549,549,1.8921e-06,0,0
-15,-6,-30,-0.013924,1.8933e-06,550,550,1.8933e-06,0,0
-15,-6,-30,-0.013765,1.8946e-06,551,551,1.8946e-06,0,0
-15,-6,-30,-0.013606,1.8958e-06,552,552,1.8958e-06,0,0
-15,-6,-30,-0.01345,1.897e-06,553,553,1.897e-06,0,0
-15,-6,-30,-0.013295,1.8982e-06,554,554,1.8982e-06,0,0
-15,-6,-30,-0.013141,1.8994e-06,555,555,1.8994e-06,0,0
-15,-6,-30,-0.012989,1.9006e-06,556,556,1.9006e-06,0,0
-15,-6,-30,-0.012838,1.9017e-06,557,557,1.9017e-06,0,0
-15,-6,-30,-0.012688,1.9029e-06,558,558,1.9029e-06,0,0
-15,-6,-30,-0.01254,1.904e-06,559,559,1.904e-06,0,0
-15,-6,-30,-0.012394,1.9052e-06,560,560,1.9052e-06,0,0
-15,-6,-30,-0.012249,1.9063e-06,561,561,1.9063e-06,0,0
-15,-6,-30,-0.012105,1.9074e-06,562,562,1.9074e-06,0,0
-15,-6,-30,-0.011963,1.9085e-06,563,563,1.9085e-06,0,0
-15,-6,-30,-0.011821,1.9096e-06,564,564,1.9096e-06,0,0
-15,-6,-30,-0.011682,1.9107e-06,565,565,1.9107e-06,0,0
-15,-6,-30,-0.011543,1.9117e-06,566,566,1.9117e-06,0,0
-15,-6,-30,-0.011406,1.9128e-06,567,567,1.9128e-06,0,0
-15,-6,-30,-0.011271,1.9138e-06,568,568,1.9138e-06,0,0
-15,-6,-30,-0.011136,1.9149e-06,569,569,1.9149e-06,0,0
-15,-6,-30,-0.011003,1.9159e-06,570,570,1.9159e-06,0,0
-15,-6,-30,-0.010871,1.9169e-06,571,571,1.9169e-06,0,0
-15,-6,-30,-0.01074,1.9179e-06,572,572,1.9179e-06,0,0
-15,-6,-30,-0.010611,1.9189e-06,573,573,1.9189e-06,0,0
-15,-6,-30,-0.010483,1.9199e-06,574,574,1.9199e-06,0,0
-15,-6,-30,-0.010356,1.9209e-06,575,575,1.9209e-06,0,0
-15,-6,-30,-0.01023,1.9219e-06,576,576,1.9219e-06,0,0
-15,-6,-30,-0.010105,1.9228e-06,577,577,1.9228e-06,0,0
-15,-6,-30,-0.0099819,1.9238e-06,578,578,1.9238e-06,0,0
-15,-6,-30,-0.0098597,1.9247e-06,579,579,1.9247e-06,0,0
-15,-6,-30,-0.0097387,1.9256e-06,580,580,1.9256e-06,0,0
-15,-6,-30,-0.0096188,1.9266e-06,581,581,1.9266e-06,0,0
-15,-6,-30,-0.0095001,1.9275e-06,582,582,1.9275e-06,0,0
-15,-6,-30,-0.0093825,1.9284e-06,583,583,1.9284e-06,0,0
-15,-6,-30,-0.009266,1.9293e-06,584,584,1.9293e-06,0,0
-15,-6,-30,-0.0091506,1.9302e-06,585,585,1.9302e-06,0,0
-15,-6,-30,-0.0090363,1.931e-06,586,586,1.931e-06,0,0
-15,-6,-30,-0.0089232,1.9319e-06,587,587,1.9319e-06,0,0
-15,-6,-30,-0.0088111,1.9328e-06,588,588,1.9328e-06,0,0
-15,-6,-30,-0.0087001,1.9336e-06,589,589,1.9336e-06,0,0
-15,-6,-30,-0.0085901,1.9345e-06,590,590,1.9345e-06,0,0
-15,-6,-30,-0.0084812,1.9353e-06,591,591,1.9353e-06,0,0
-15,-6,-30,-0.0083733,1.9361e-06,592,592,1.9361e-06,0,0
-15,-6,-30,-0.0082665,1.937e-06,593,593,1.937e-06,0,0
-15,-6,-30,-0.0081607,1.9378e-06,594,594,1.9378e-06,0,0
-15,-6,-30,-0.0080559,1.9386e-06,595,595,1.9386e-06,0,0
-15,-6,-30,-0.0079521,1.9394e-06,596,596,1.9394e-06,0,0
-15,-6,-30,-0.0078493,1.9402e-06,597,597,1.9402e-06,0,0
-15,-6,-30,-0.0077474,1.9409e-06,598,598,1.9409e-06,0,0
-15,-6,-30,-0.0076466,1.9417e-06,599,599,1.9417e-06,0,0
-15,-6,-30,-0.0075467,1.9425e-06,600,600,1.9425e-06,0,0
-15,-6,-30,-0.0074478,1.9432e-06,601,601,1.9432e-06,0,0
-15,-6,-30,-0.0073498,1.944e-06,602,602,1.944e-06,0,0
-15,-6,-30,-0.0072528,1.9447e-06,603,603,1.9447e-06,0,0
-15,-6,-30,-0.0071567,1.9455e-06,604,604,1.9455e-06,0,0
-15,-6,-30,-0.0070615,1.9462e-06,605,605,1.9462e-06,0,0
-15,-6,-30,-0.0069672,1.9469e-06,606,606,1.9469e-06,0,0
-15,-6,-30,-0.0068738,1.9476e-06,607,607,1.9476e-06,0,0
-15,-6,-30,-0.0067813,1.9483e-06,608,608,1.9483e-06,0,0
-15,-6,-30,-0.0066897,1.949e-06,609,609,1.949e-06,0,0
-15,-6,-30,-0.006599,1.9497e-06,610,610,1.9497e-06,0,0
-15,-6,-30,-0.0065092,1.9504e-06,611,611,1.9504e-06,0,0
-15,-6,-30,-0.0064202,1.9511e-06,612,612,1.9511e-06,0,0
-15,-6,-30,-0.0063321,1.9518e-06,613,613,1.9518e-06,0,0
-15,-6,-30,-0.0062448,1.9525e-06,614,614,1.9525e-06,0,0
-15,-6,-30,-0.0061584,1.9531e-06,615,615,1.9531e-06,0,0
-15,-6,-30,-0.0060727,1.9538e-06,616,616,1.9538e-06,0,0
-15,-6,-30,-0.0059879,1.9544e-06,617,617,1.9544e-06,0,0
-15,-6,-30,-0.005904,1.9551e-06,618,618,1.9551e-06,0,0
-15,-6,-30,-0.0058208,1.9557e-06,619,619,1.9557e-06,0,0
-15,-6,-30,-0.0057384,1.9563e-06,620,620,1.9563e-06,0,0
-15,-6,-30,-0.0056568,1.9569e-06,621,621,1.9569e-06,0,0
-15,-6,-30,-0.005576,1.9576e-06,622,622,1.9576e-06,0,0
-15,-6,-30,-0.005496,1.9582e-06,623,623,1.9582e-06,0,0
-15,-6,-30,-0.0054168,1.9588e-06,624,624,1.9588e-06,0,0
-15,-6,-30,-0.0053383,1.9594e-06,625,625,1.9594e-06,0,0
-15,-6,-30,-0.0052605,1.96e-06,626,626,1.96e-06,0,0
-15,-6,-30,-0.0051835,1.9606e-06,627,627,1.9606e-06,0,0
-15,-6,-30,-0.0051073,1.9611e-06,628,628,1.9611e-06,0,0
-15,-6,-30,-0.0050318,1.9617e-06,629,629,1.9617e-06,0,0
-15,-6,-30,-0.004957,1.9623e-06,630,630,1.9623e-06,0,0
-15,-6,-30,-0.0048829,1.9629e-06,631,631,1.9629e-06,0,0
-15,-6,-30,-0.0048096,1.9634e-06,632,632,1.9634e-06,0,0
-15,-6,-30,-0.0047369,1.964e-06,633,633,1.964e-06,0,0
-15,-6,-30,-0.004665,1.9645e-06,634,634,1.9645e-06,0,0
-15,-6,-30,-0.0045937,1.9651e-06,635,635,1.9651e-06,0,0
-15,-6,-30,-0.0045231,1.9656e-06,636,636,1.9656e-06,0,0
-15,-6,-30,-0.0044532,1.9661e-06,637,637,1.9661e-06,0,0
-15,-6,-30,-0.004384,1.9667e-06,638,638,1.9667e-06,0,0
-15,-6,-30,-0.0043154,1.9672e-06,639,639,1.9672e-06,0,0
-15,-6,-30,-0.0042475,1.9677e-06,640,640,1.9677e-06,0,0
-15,-6,-30,-0.0041803,1.9682e-06,641,641,1.9682e-06,0,0
-15,-6,-30,-0.0041137,1.9687e-06,642,642,1.9687e-06,0,0
-15,-6,-30,-0.0040477,1.9692e-06,643,643,1.9692e-06,0,0
-15,-6,-30,-0.0039824,1.9697e-06,644,644,1.9697e-06,0,0
-15,-6,-30,-0.0039177,1.9702e-06,645,645,1.9702e-06,0,0
-15,-6,-30,-0.0038536,1.9707e-06,646,646,1.9707e-06,0,0
-15,-6,-30,-0.0037902,1.9712e-06,647,647,1.9712e-06,0,0
-15,-6,-30,-0.0037274,1.9717e-06,648,648,1.9717e-06,0,0
-15,-6,-30,-0.0036651,1.9721e-06,649,649,1.9721e-06,0,0
-15,-6,-30,-0.0036035,1.9726e-06,650,650,1.9726e-06,0,0
-15,-6,-30,-0.0035424,1.9731e-06,651,651,1.9731e-06,0,0
-15,-6,-30,-0.003482,1.9735e-06,652,652,1.9735e-06,0,0
-15,-6,-30,-0.0034221,1.974e-06,653,653,1.974e-06,0,0
-15,-6,-30,-0.0033628,1.9745e-06,654,654,1.9745e-06,0,0
-15,-6,-30,-0.0033041,1.9749e-06,655,655,1.9749e-06,0,0
-15,-6,-30,-0.003246,1.9753e-06,656,656,1.9753e-06,0,0
-15,-6,-30,-0.0031884,1.9758e-06,657,657,1.9758e-06,0,0
-15,-6,-30,-0.0031313,1.9762e-06,658,658,1.9762e-06,0,0
-15,-6,-30,-0.0030748,1.9766e-06,659,659,1.9766e-06,0,0
-15,-6,-30,-0.0030189,1.9771e-06,660,660,1.9771e-06,0,0
-15,-6,-30,-0.0029635,1.9775e-06,661,661,1.9775e-06,0,0
-15,-6,-30,-0.0029086,1.9779e-06,662,662,1.9779e-06,0,0
-15,-6,-30,-0.0028543,1.9783e-06,663,663,1.9783e-06,0,0
-15,-6,-30,-0.0028005,1.9787e-06,664,664,1.9787e-06,0,0
-15,-6,-30,-0.0027472,1.9791e-06,665,665,1.9791e-06,0,0
-15,-6,-30,-0.0026944,1.9795e-06,666,666,1.9795e-06,0,0
-15,-6,-30,-0.0026421,1.9799e-06,667,667,1.9799e-06,0,0
-15,-6,-30,-0.0025903,1.9803e-06,668,668,1.9803e-06,0,0
-15,-6,-30,-0.0025391,1.9807e-06,669,669,1.9807e-06,0,0
-15,-6,-30,-0.0024883,1.9811e-06,670,670,1.9811e-06,0,0
-15,-6,-30,-0.002438,1.9815e-06,671,671,1.9815e-06,0,0
-15,-6,-30,-0.0023882,1.9819e-06,672,672,1.9819e-06,0,0
-15,-6,-30,-0.0023389,1.9822e-06,673,673,1.9822e-06,0,0
-15,-6,-30,-0.0022901,1.9826e-06,674,674,1.9826e-06,0,0
-15,-6,-30,-0.0022417,1.983e-06,675,675,1.983e-06,0,0
-15,-6,-30,-0.0021938,1.9833e-06,676,676,1.9833e-06,0,0
-15,-6,-30,-0.0021463,1.9837e-06,677,677,1.9837e-06,0,0
-15,-6,-30,-0.0020994,1.9841e-06,678,678,1.9841e-06,0,0
-15,-6,-30,-0.0020528,1.9844e-06,679,679,1.9844e-06,0,0
-15,-6,-30,-0.0020068,1.9848e-06,680,680,1.9848e-06,0,0
-15,-6,-30,-0.0019611,1.9851e-06,681,681,1.9851e-06,0,0
-15,-6,-30,-0.0019159,1.9855e-06,682,682,1.9855e-06,0,0
-15,-6,-30,-0.0018712,1.9858e-06,683,683,1.9858e-06,0,0
-15,-6,-30,-0.0018269,1.9861e-06,684,684,1.9861e-06,0,0
-15,-6,-30,-0.001783,1.9865e-06,685,685,1.9865e-06,0,0
-15,-6,-30,-0.0017395,1.9868e-06,686,686,1.9868e-06,0,0
-15,-6,-30,-0.0016964,1.9871e-06,687,687,1.9871e-06,0,0
-15,-6,-30,-0.0016538,1.9875e-06,688,688,1.9875e-06,0,0
-15,-6,-30,-0.0016116,1.9878e-06,689,689,1.9878e-06,0,0
-15,-6,-30,-0.0015698,1.9881e-06,690,690,1.9881e-06,0,0
-15,-6,-30,-0.0015284,1.9884e-06,691,691,1.9884e-06,0,0
-15,-6,-30,-0.0014873,1.9887e-06,692,692,1.9887e-06,0,0
-15,-6,-30,-0.0014467,1.989e-06,693,693,1.989e-06,0,0
-15,-6,-30,-0.0014065,1.9893e-06,694,694,1.9893e-06,0,0
-15,-6,-30,-0.0013667,1.9896e-06,695,695,1.9896e-06,0,0
-15,-6,-30,-0.0013272,1.9899e-06,696,696,1.9899e-06,0,0
-15,-6,-30,-0.0012882,1.9902e-06,697,697,1.9902e-06,0,0
-15,-6,-30,-0.0012495,1.9905e-06,698,698,1.9905e-06,0,0
-15,-6,-30,-0.0012112,1.9908e-06,699,699,1.9908e-06,0,0
-15,-6,-30,-0.0011732,1.9911e-06,700,700,1.9911e-06,0,0
-15,-6,-30,-0.0011357,1.9914e-06,701,701,1.9914e-06,0,0
-15,-6,-30,-0.0010985,1.9917e-06,702,702,1.9917e-06,0,0
-15,-6,-30,-0.0010616,1.9919e-06,703,703,1.9919e-06,0,0
-15,-6,-30,-0.0010251,1.9922e-06,704,704,1.9922e-06,0,0
-15,-6,-30,-0.00098897,1.9925e-06,705,705,1.9925e-06,0,0
-15,-6,-30,-0.00095318,1.9928e-06,706,706,1.9928e-06,0,0
-15,-6,-30,-0.00091773,1.993e-06,707,707,1.993e-06,0,0
-15,-6,-30,-0.00088263,1.9933e-06,708,708,1.9933e-06,0,0
-15,-6,-30,-0.00084787,1.9936e-06,709,709,1.9936e-06,0,0
-15,-6,-30,-0.00081344,1.9938e-06,710,710,1.9938e-06,0,0
-15,-6,-30,-0.00077935,1.9941e-06,711,711,1.9941e-06,0,0
-15,-6,-30,-0.00074559,1.9943e-06,712,712,1.9943e-06,0,0
-15,-6,-30,-0.00071215,1.9946e-06,713,713,1.9946e-06,0,0
-15,-6,-30,-0.00067904,1.9949e-06,714,714,1.9949e-06,0,0
-15,-6,-30,-0.00064625,1.9951e-06,715,715,1.9951e-06,0,0
-15,-6,-30,-0.00061377,1.9953e-06,716,716,1.9953e-06,0,0
-15,-6,-30,-0.00058162,1.9956e-06,717,717,1.9956e-06,0,0
-15,-6,-30,-0.00054977,1.9958e-06,718,718,1.9958e-06,0,0
-15,-6,-30,-0.00051823,1.9961e-06,719,719,1.9961e-06,0,0
-15,-6,-30,-0.00048699,1.9963e-06,720,720,1.9963e-06,0,0
-15,-6,-30,-0.00045606,1.9965e-06,721,721,1.9965e-06,0,0
-15,-6,-30,-0.00042543,1.9968e-06,722,722,1.9968e-06,0,0
-15,-6,-30,-0.00039509,1.997e-06,723,723,1.997e-06,0,0
-15,-6,-30,-0.00036505,1.9972e-06,724,724,1.9972e-06,0,0
-15,-6,-30,-0.0003353,1.9975e-06,725,725,1.9975e-06,0,0
-15,-6,-30,-0.00030584,1.9977e-06,726,726,1.9977e-06,0,0
-15,-6,-30,-0.00027666,1.9979e-06,727,727,1.9979e-06,0,0
-15,-6,-30,-0.00024777,1.9981e-06,728,728,1.9981e-06,0,0
-15,-6,-30,-0.00021916,1.9983e-06,729,729,1.9983e-06,0,0
-15,-6,-30,-0.00019082,1.9986e-06,730,730,1.9986e-06,0,0
-15,-6,-30,-0.00016276,1.9988e-06,731,731,1.9988e-06,0,0
-15,-6,-30,-0.00013497,1.999e-06,732,732,1.999e-06,0,0
-15,-6,-30,-0.00010744,1.9992e-06,733,733,1.9992e-06,0,0
-15,-6,-30,-8.0189e-05,1.9994e-06,734,734,1.9994e-06,0,0
-15,-6,-30,-5.3199e-05,1.9996e-06,735,735,1.9996e-06,0,0
-15,-6,-30,-2.647e-05,1.9998e-06,736,736,1.9998e-06,0,0
-15,-6,-30,0,2e-06,737,737,2e-06,0,0
